#,DOB,Birth City,S/P,Ctry,Nat,HT,Wt,S,Draft,Round,Overall,Rk,Age,First Name,Last Name,End Team,Teams,Pos,Tm1GP,Tm2GP,Tm3GP,GP,G,A,A1,PTS,+/-,Sh,Misses,Blocked,Sh%,CoSH%,TOI,TOI/G,Shifts,Sh/G,TOI/Sh,Passes,Pa/60,FOW,FOL,FO%,OpenFOT,OpenFOW,FOTvsL,FOWvsL,FOTvsR,FOWvsR,HitA,HitF,BkS,MsS,GvA,TkA,HA/60,HF/60,B/60,M/60,G/60,T/60,PIM,Minor,Major,Misc,G Misc,Match,Grit,NetPen,SOS,SOG,SO%,SOGDG,1G,OTG,GWG,ENG,BHG,DeflG,SlapG,SnapG,TipG,WrapG,WristG,PSG,PST,PS%,OPS,DPS,PS,PS/G,PS/60,DIA,OGIT,DIT,RPM,OGVT,DGVT,SGVT,GVT,GVT/G,GVT/60,ShotDist,Crossbar,Post,OverNet,WideOfNet,Backhand,Deflected,Slap,Snap,Tipped,Wraparound,Wrist,1st Star,2nd Star,3rd Star,Days,Ginj,Injury,Salary,Cap Hit,Cap Cost,CHIP,Bonuses,GVS
8,1987-02-25,Muskegon,MI,USA,USA,74,218,L,2005,2,42,,28,Justin,Abdelkader,DET,DET,LW/RW/C,81, , ,82,19,23,17,42,-16,155,53,31,12.30%,7.90%,90703,18.4,1997,24.4,45.4,162,6.4,5,9,35.70%,,,6,0,8,5,138,207,44,53,29,23,5.5,8.2,1.7,2.1,1.2,0.9,120,45,4,1,0,0,375,-6.6,,, ,,3,0,4,1,2,3,2,4,1,0,7,0,0,0%,2.7,1.1,3.8,0.05,0.15,5,34.7,29.5,-11.8,2.9,1.4,0,4.3,0.05,0.17,24.5,1,1,7,44,19,12,20,22,14,2,66,2,2,4,186,0,,2.25,1.8,1.8,0,0,1.6
55,1991-12-01,Johnston,RI,USA,USA,70,208,R,,,,Y,24,Noel,Acciari,BOS,BOS,C,19, , ,19,0,1,1,1,-4,18,6,,0.00%,0.00%,11277,9.9,278,14.6,40.6,0,0,60,76,44.10%,,,99,49,37,11,,52,4,6,4,1,0,16.6,1.3,1.9,1.3,0.3,8,4,0,0,0,0,64,0,,, ,,0,0,0,0,0,0,0,0,0,0,0,0,0,0%,-0.4,0,-0.4,-0.02,-0.13,2,3.5,4.8,-4.7,-1.2,0.3,0,-0.9,-0.05,-0.29,28.5,0,0,0,6,3,0,2,3,2,0,8,0,0,0,40,0,,0.693,0.793,0.17,0,0,-1
51,1992-04-30,Morristown,NJ,USA,USA,72,202,L,2010,5,140,Y,23,Kenny,Agostino,CGY,CGY,LW,2, , ,2,0,0,0,0,-2,3,0,0,0.00%,0.00%,1626,13.6,39,19.5,41.7,0,0,0,0,0.00%,,,,0,,0,3,3,0,0,5,2,6.6,6.6,0,0,11.1,4.4,0,0,0,0,0,0,3,0,,, ,,0,0,0,0,0,0,0,0,0,0,0,0,0,0%,-0.1,-0.1,-0.1,-0.05,-0.22,2,0.5,0.5,-1.9,-0.2,-0.1,0,-0.3,-0.15,-0.66,32,0,0,0,0,0,0,0,0,0,0,3,0,0,0,6,0,,0.83,0.83,0.024,0,0,-0.3
28,1991-01-03,Kleinburg,ON,CAN,CAN,70,187,L,,,,Y,25,Andrew,Agozzino,COL,COL,LW/C,9, , ,9,0,2,0,2,-1,3,2,6,0.00%,0.00%,4623,8.6,108,12,42.8,0,0,24,21,53.30%,,,24,13,21,11,5,8,4,2,1,0,3.9,6.2,3.1,1.6,0.8,0,0,0,0,0,0,0,12,-0.1,,, ,,0,0,0,0,0,0,0,0,0,0,0,0,0,0%,0,0,0.1,0.01,0.08,3,1.3,1,-0.7,0.1,0,0,0.1,0.01,0.08,30.3,0,1,0,1,0,0,0,0,0,1,2,0,0,0,19,0,,0.6,0.6,0.061,0,0,0.1
27,1988-09-24,Burnaby,BC,CAN,CAN,74,214,L,2007,1,5,,27,Karl,Alzner,WSH,WSH,D,82, , ,82,4,17,8,21,14,75,40,70,5.30%,2.20%,105165,21.4,2248,27.4,46.8,86,2.9,0,0,0.00%,,,,0,,0,154,135,207,40,41,24,5.3,4.6,7.1,1.4,1.4,0.8,26,13,0,0,0,0,368,-2,,, ,,0,0,1,1,0,0,1,0,1,0,2,0,0,0%,0.6,4.7,5.4,0.07,0.18,5,25.8,36.9,2.8,2.1,6.5,0,8.6,0.1,0.29,50.8,0,0,9,31,0,0,33,8,1,0,33,0,0,1,186,0,,2.8,2.8,2.8,0,0,3.8
34,1994-05-07,Burlington,ON,CAN,CAN,75,221,R,2012,4,95,Y,21,Josh,Anderson,CBJ,CBJ,RW/LW,12, , ,12,1,3,0,4,0,11,5,6,9.10%,4.50%,7703,10.7,177,14.8,43.5,0,0,0,0,0.00%,,,,0,,0,12,40,4,5,1,4,5.6,18.7,1.9,2.3,0.5,1.9,2,1,0,0,0,0,46,-1.2,,, ,,0,0,0,0,0,0,0,1,0,0,0,0,0,0%,0.2,0.1,0.3,0.03,0.14,4,2.6,2.8,0.5,0.4,0.3,0,0.8,0.07,0.37,27,0,0,0,5,1,1,0,3,1,0,5,0,1,0,44,0,,0.693,0.709,0.14,0,0.466,0.8
18,1989-02-05,Munkedal,,SWE,SWE,74,211,L,2007,3,88,,27,Joakim,Andersson,DET,DET,C,29, , ,29,1,2,1,3,1,17,8,5,5.90%,3.30%,15695,9,397,13.7,39.5,16,3.7,32,38,45.70%,,,43,23,27,9,21,14,5,8,0,1,4.8,3.2,1.1,1.8,0,0.2,6,3,0,0,0,0,25,-0.8,,, ,,0,0,0,0,0,1,0,0,0,0,0,0,0,0%,-0.3,0.3,0.1,0,0.02,2,3.8,6.1,0.9,-0.4,1.2,0,0.8,0.03,0.18,29.7,0,0,0,8,3,1,0,3,1,0,9,0,0,0,127,0,,0.815,0.815,0.556,0,0,0.4
15,1991-05-17,Pickering,ON,CAN,CAN,73,203,L,2011,3,80,Y,24,Andy,Andreoff,LAK,LAK,LW/C,59, , ,60,8,2,2,10,1,46,21,22,17.40%,9.00%,31655,8.8,791,13.2,40,32,3.6,134,134,50.00%,,,173,88,95,46,51,82,11,21,12,12,5.8,9.3,1.3,2.4,1.4,1.4,76,8,8,0,2,0,177,1.1,,, ,,1,0,1,0,0,0,1,0,1,1,5,0,0,0%,0.6,0.6,1.2,0.02,0.14,2,9.3,8.9,-1.3,0.7,1.1,0,1.8,0.03,0.2,27.3,0,0,1,20,4,0,3,6,4,2,27,0,0,0,186,0,,0.575,0.588,0.588,0,0,1.7
42,1993-03-21,Zurich,,CHE,CHE,70,187,L,2013,3,86,Y,22,Sven,Andrighetto,MTL,MTL,RW/LW,44, , ,44,7,10,5,17,1,74,27,30,9.50%,5.30%,37271,14.1,874,19.9,42.6,59,5.7,3,4,42.90%,,,4,1,3,2,56,71,17,27,13,9,5.4,6.9,1.6,2.6,1.3,0.9,6,3,0,0,0,0,94,4.4,4,2,50%,2,2,0,0,0,2,0,1,1,2,0,1,0,0,0%,0.9,0.7,1.7,0.04,0.16,5,12.7,11.7,3.4,1.3,1.3,0.5,3,0.07,0.29,31.9,0,0,3,24,7,1,3,7,8,0,48,0,1,2,124,3,Upper body,0.65,0.633,0.5,27,0.1,2.7
10,1985-06-27,Woodbridge,ON,CAN,CAN,73,214,L,,,,,30,Mike,Angelidis,TBL,TBL,LW,4, , ,4,1,0,0,1,2,1,2,3,100.00%,16.70%,2160,9,51,12.8,42.4,0,0,10,21,32.30%,,,15,4,16,6,6,6,1,2,1,1,10,10,1.7,3.3,1.7,1.7,5,0,1,0,0,0,13,-0.1,,, ,,0,0,1,0,0,0,0,0,0,0,1,0,0,0%,0.1,0.1,0.3,0.08,0.5,3,0.6,0.6,1.9,0.3,0.3,0,0.5,0.13,0.83,11,0,0,0,2,0,0,0,0,0,0,1,0,0,1,11,0,,0.65,0.65,0.038,0,0,0.5
15,1988-05-24,Yaroslavl,,RUS,RUS,76,198,L,2006,2,54,,27,Artem,Anisimov,CHI,CHI,C,77, , ,77,20,22,9,42,8,121,41,51,16.50%,9.40%,83571,18.1,1806,23.5,46.3,84,3.6,507,641,44.20%,14,8,681,311,467,196,101,53,40,41,14,28,4.4,2.3,1.7,1.8,0.6,1.2,12,6,0,0,0,0,105,2.3,1,1,100%,0,7,1,1,1,6,0,1,1,1,0,11,0,0,0%,3.1,1.9,4.9,0.06,0.21,5,34.8,33.3,4.6,2.6,3.7,0.5,6.8,0.09,0.29,23,0,0,7,34,22,2,6,7,9,2,73,2,1,3,186,5,"Upper body, Lower body, Illness",4,3.283,3.283,200,0,1
45,1992-10-06,Regina,SK,CAN,CAN,70,176,R,2011,6,174,Y,23,Josh,Archibald,PIT,PIT,RW/LW,1, , ,1,0,0,0,0,0,0,0,1,0.00%,0.00%,302,5,8,8,37.8,0,0,0,0,0.00%,,,,0,,0,0,1,1,0,0,0,0,11.9,11.9,0,0,0,0,0,0,0,0,0,2,0,,, ,,0,0,0,0,0,0,0,0,0,0,0,0,0,0%,0,0,0,0,0,3,0.1,0,0,0,0,0,0,0,0,0,0,0,0,0,0,0,0,0,0,0,0,0,0,0,2,0,,0.667,0.659,0.01,0,0.258,0
33,1988-08-12,Milford,CT,USA,USA,68,174,R,,,,,27,Mark,Arcobello,TOR,TOR,RW/C,19, , ,20,3,1,0,4,0,43,13,14,7.00%,4.30%,15213,12.7,397,19.9,38.3,0,0,132,110,54.50%,2,1,153,83,89,49,24,22,3,13,4,9,5.7,5.2,0.7,3.1,0.9,2.1,0,0,0,0,0,0,25,1.8,,, ,,0,0,0,0,0,0,0,0,0,0,3,0,0,0%,0.1,0.3,0.4,0.02,0.09,3,6.2,5.3,2.2,-0.9,0.5,0,-0.3,-0.02,-0.07,33.3,0,0,2,11,5,0,1,8,3,0,26,1,0,0,155,0,,1.1,1.1,0.406,0,0,-0.2
40,1993-05-31,Pori,,FIN,FIN,75,205,R,2011,1,16,Y,22,Joel,Armia,WPG,WPG,RW,42, , ,43,4,6,3,10,2,52,17,28,7.70%,4.10%,31376,12.2,726,16.9,43.2,31,3.6,0,2,0.00%,,,1,0,1,0,39,59,20,17,13,23,4.5,6.8,2.3,2,1.5,2.6,12,6,0,0,0,0,91,-0.9,,, ,,0,0,1,0,1,0,0,0,0,0,3,0,0,0%,0.1,0.6,0.8,0.02,0.09,3,9,9.9,1.4,0.2,1.2,0,1.5,0.03,0.17,27.5,0,1,1,15,7,4,1,7,1,2,30,0,1,0,134,8,Lower body,0.833,0.902,0.896,122,0.35,0.4
38,1993-04-08,SkellefteÃ¥,,SWE,SWE,69,180,R,2014,4,112,Y,22,Viktor,Arvidsson,NSH,NSH,LW/RW,55, , ,56,8,8,5,16,-8,139,37,52,5.80%,3.50%,41668,12.4,950,17,43.9,75,6.5,0,0,0.00%,,,,0,,0,98,27,35,37,17,15,8.5,2.3,3,3.2,1.5,1.3,35,10,1,0,1,0,98,-0.2,,, ,,1,0,3,0,2,0,1,1,1,0,3,0,0,0%,0.8,0.4,1.2,0.02,0.1,1,13.3,12.9,-8.1,1.1,0.7,0,1.8,0.03,0.16,34.2,0,1,5,31,21,0,22,14,8,2,72,2,1,0,132,0,,0.64,0.632,0.461,0,0.01,1.6
72,1994-08-06,London,ON,CAN,CAN,74,192,L,2012,4,110,Y,21,Andreas,Athanasiou,DET,DET,C/LW,36, , ,37,9,5,2,14,1,53,18,14,17.00%,10.60%,20019,9,518,14,38.6,23,4.1,53,76,41.10%,,,100,43,29,10,27,17,8,18,7,11,4.9,3.1,1.4,3.2,1.3,2,5,0,1,0,0,0,31,12.3,1,1,100%,0,4,0,1,0,1,0,1,1,1,0,5,0,0,0%,1.7,0.4,2.1,0.06,0.38,2,8.5,8.5,1.6,2.8,1.1,0.5,4.3,0.12,0.77,26.4,0,0,2,16,6,1,8,3,3,0,32,0,3,0,77,0,,0.667,0.659,0.374,0,0.283,4
13,1989-06-05,Riverside,CT,USA,USA,68,180,R,2008,6,157,,26,Cam,Atkinson,CBJ,CBJ,RW,80, , ,81,27,26,19,53,-8,226,79,66,11.90%,7.30%,86499,17.8,1914,23.6,45.2,185,7.7,2,2,50.00%,,,3,2,1,0,42,47,40,79,18,43,1.7,2,1.7,3.3,0.7,1.8,22,10,0,0,0,0,109,5.9,10,3,30%,1,3,1,3,1,2,0,3,10,2,0,10,0,0,0%,5,1.2,6.2,0.08,0.26,7,34.4,33.6,1,8.1,2.8,-0.1,10.7,0.13,0.45,27.7,0,3,6,70,16,3,29,80,19,4,75,4,1,4,186,0,,2.5,3.5,3.5,0,0,4.4
42,1984-05-01,Minneapolis,MN,USA,USA,75,221,R,2003,2,62,,31,David,Backes,STL,STL,C/RW,79, , ,79,21,24,17,45,4,168,60,42,12.50%,7.80%,91151,19.2,2173,27.5,41.9,214,8.5,620,572,52.00%,22,8,800,412,392,208,131,239,63,60,24,39,5.2,9.4,2.5,2.4,0.9,1.5,83,34,3,0,0,0,388,-20.1,2,1,50%,1,4,1,3,3,1,0,0,4,4,0,12,0,0,0%,3.2,2,5.2,0.07,0.21,7,31.2,29.9,2.4,5.5,3.9,0.2,9.6,0.12,0.38,30.9,0,2,9,49,15,0,16,19,18,0,100,3,3,2,186,3,Lower body,4.75,4.5,4.5,165,0,1.2
11,1989-03-17,Vasteras,,SWE,SWE,73,199,L,2007,1,24,,26,Mikael,Backlund,CGY,CGY,C,81, , ,82,21,26,17,47,10,155,57,62,13.50%,7.70%,80831,16.4,1947,23.7,41.5,160,7.1,539,604,47.20%,12,5,729,340,414,199,66,68,51,57,44,57,2.9,3,2.3,2.5,2,2.5,28,14,0,0,0,0,147,-5.3,,, ,,6,2,4,1,4,0,0,3,3,0,11,0,0,0%,3.7,1.7,5.5,0.07,0.24,5,27.2,29,14.8,7.3,4.3,0,11.6,0.14,0.52,30.1,1,1,5,50,14,0,4,30,12,0,95,5,5,1,186,0,,3.575,3.575,3.575,0,0,5.2
19,1987-11-23,GÃ¤vle,,SWE,SWE,73,213,L,2006,1,4,,28,Nicklas,Backstrom,WSH,WSH,C,75, , ,75,20,50,29,70,17,129,47,46,15.50%,9.00%,86318,19.2,1743,23.2,49.5,274,11.4,659,698,48.60%,49,21,826,407,531,252,82,51,50,47,27,42,3.4,2.1,2.1,2,1.1,1.8,36,18,0,0,0,0,137,-6.2,3,1,33%,1,1,0,4,2,2,0,0,4,2,0,12,0,0,0%,6.1,2.2,8.3,0.11,0.35,7,30.7,24.9,10.9,14.4,3.3,0,17.8,0.24,0.74,37.5,0,1,8,38,4,3,10,24,4,1,83,2,7,5,186,6,"Upper body, Hip",6.5,6.7,6.7,490,0,4.7
47,1992-10-05,Bern,,CHE,CHE,71,190,L,2011,1,13,,23,Sven,Baertschi,VAN,VAN,LW/RW,69, , ,69,15,13,8,28,-14,108,43,37,13.90%,8.00%,55717,13.5,1263,18.3,44.1,76,4.9,0,1,0.00%,,,1,0,,0,85,30,36,43,22,26,5.5,1.9,2.3,2.8,1.4,1.7,14,7,0,0,0,0,80,7.2,4,0,0%,0,5,0,1,0,2,2,0,3,0,0,8,0,0,0%,2.2,0.6,2.8,0.04,0.18,5,21.7,17.8,-4.8,2.7,0.4,-0.9,2.2,0.03,0.14,24.6,1,1,6,35,13,4,10,15,0,1,65,0,1,2,186,7,"Lower body, Neck",0.9,0.9,0.9,77,0,1.5
12,1989-10-02,Bowmanville,ON,CAN,CAN,73,210,L,2008,1,9,,26,Josh,Bailey,NYI,NYI,RW/LW,80, , ,81,12,20,11,32,-7,105,40,45,11.40%,6.30%,77028,15.8,1678,20.7,45.9,121,5.7,14,20,41.20%,,,21,11,13,3,64,45,25,40,49,41,3,2.1,1.2,1.9,2.3,1.9,22,11,0,0,0,0,92,-3.7,2,1,50%,0,0,1,2,1,0,0,0,2,2,0,8,0,0,0%,1.4,1.1,2.5,0.03,0.12,2,26,24.6,-9.5,1.9,1.3,0.2,3.4,0.04,0.16,26.6,0,1,5,34,7,2,7,25,8,0,56,0,0,3,186,0,,3.5,3.3,3.3,0,0,-2.5
56,1995-07-01,Buffalo,NY,USA,USA,75,210,R,2013,2,52,Y,20,Justin,Bailey,BUF,BUF,RW/C,8, , ,8,0,0,0,0,-2,22,3,3,0.00%,0.00%,5569,11.6,115,14.4,48.4,0,0,0,0,0.00%,,,,0,,0,12,8,6,3,3,4,7.8,5.2,3.9,1.9,1.9,2.6,2,1,0,0,0,0,16,0.8,,, ,,0,0,0,0,0,0,0,0,0,0,0,0,0,0%,-0.3,0,-0.2,-0.03,-0.13,4,1.3,1.3,-1.7,-0.6,0,0,-0.6,-0.08,-0.39,26.1,0,0,0,3,4,0,1,2,0,2,13,0,0,0,17,0,,0.667,0.67,0.082,0,0.283,-0.7
45,1990-03-23,Montreal,QC,CAN,CAN,73,207,L,2008,6,152,,25,Mark,Barberio,MTL,MTL,D,30, , ,30,2,8,2,10,0,32,17,39,6.30%,2.30%,26996,15,580,19.3,46.5,23,3.1,0,0,0.00%,,,,0,,0,55,12,18,17,19,11,7.3,1.6,2.4,2.3,2.5,1.5,6,3,0,0,0,0,36,1,,, ,,0,0,0,0,0,0,1,0,0,0,1,0,0,0%,0.8,1,1.7,0.06,0.23,2,8.7,9.9,1.3,1.7,1.1,0,2.8,0.09,0.37,45.8,0,2,2,13,2,0,10,3,0,0,17,0,1,2,105,11,Concussion,0.6,0.6,0.339,80,0,2.7
16,1995-09-02,Tampere,,FIN,FIN,75,213,L,2013,1,2,,20,Aleksander,Barkov,FLA,FLA,C,66, , ,66,28,31,19,59,18,171,47,37,16.40%,11.00%,76943,19.4,1517,23,50.7,138,6.5,569,587,49.20%,37,21,750,389,406,180,91,43,39,47,29,45,4.3,2,1.8,2.2,1.4,2.1,8,4,0,0,0,0,90,12.5,6,5,83%,3,4,0,8,0,7,1,2,8,2,0,8,0,0,0%,6.4,2,8.4,0.13,0.39,9,32.1,30.7,8.6,11.8,3.8,2.1,17.7,0.27,0.83,23.6,0,2,6,39,30,1,19,38,17,1,65,6,4,4,186,16,"Upper body, Wrist",0.925,0.925,3.575,698,2.65,11.3
4,1991-07-26,Victoria,BC,CAN,CAN,70,190,R,2009,3,64,,24,Tyson,Barrie,COL,COL,D,78, , ,78,13,36,20,49,-16,172,59,122,7.60%,3.70%,108574,23.2,2146,27.5,50.6,163,5.4,0,0,0.00%,,,,0,,0,121,37,84,59,59,29,4,1.2,2.8,2,2,1,31,13,1,0,0,0,153,11.9,,, ,,2,0,5,0,0,1,2,2,0,0,8,0,0,0%,4.6,2.6,7.2,0.09,0.24,5,45.6,36.6,-3.1,8.5,0.9,0,9.4,0.12,0.31,45.2,0,6,5,48,6,1,48,19,0,0,98,4,1,1,186,1,Flu,3.2,2.6,2.6,32,0,5
44,1988-06-04,Pittsburgh,PA,USA,USA,73,196,L,2008,7,190,,27,Matt,Bartkowski,VAN,VAN,D,80, , ,80,6,12,5,18,-19,85,37,76,7.10%,3.00%,89372,18.6,2033,25.4,44,44,1.8,0,0,0.00%,,,,0,,0,73,141,42,37,49,18,2.9,5.7,1.7,1.5,2,0.7,50,25,0,0,0,0,233,-6,,, ,,0,0,0,1,0,0,2,1,0,0,3,0,0,0%,0.8,2.1,2.9,0.04,0.12,2,25.7,32.2,-10.1,1.3,1.2,0,2.5,0.03,0.1,51.3,0,0,2,35,5,0,28,10,0,0,42,1,1,1,186,1,Illness,1.75,1.75,1.75,21,0,-0.1
20,1988-02-17,Ottawa,ON,CAN,CAN,72,215,L,,,,,27,Victor,Bartley,MTL,"NSH, MTL",D,1,9, ,10,0,0,0,0,2,8,6,2,0.00%,0.00%,7991,13.3,173,17.3,46.2,0,0,0,0,0.00%,,,,0,,0,17,21,17,6,7,0,7.7,9.5,7.7,2.7,3.2,0,6,3,0,0,0,0,44,-2.4,,, ,,0,0,0,0,0,0,0,0,0,0,0,0,0,0%,-0.2,0.5,0.3,0.03,0.14,3,2.3,2.6,2.3,-0.6,0.6,0,0,0,0,48.4,0,0,0,6,0,0,3,0,0,0,5,0,0,0,106,10,Lower body,0.8,0.667,0.38,81,0,-0.1
16,1987-01-07,Owen Sound,ON,CAN,CAN,72,205,R,2005,4,95,,29,Cody,Bass,NSH,NSH,C/RW,17, , ,17,0,0,0,0,-1,11,3,2,0.00%,0.00%,7816,7.7,212,12.5,36.9,0,0,12,9,57.10%,,,15,8,6,4,14,26,8,3,0,2,6.4,12,3.7,1.4,0,0.9,17,1,3,0,0,0,54,1.7,,, ,,0,0,0,0,0,0,0,0,0,0,0,0,0,0%,-0.4,0.1,-0.3,-0.02,-0.14,4,1.9,1.8,-1,-0.9,0.2,0,-0.7,-0.04,-0.32,36.7,0,0,1,2,3,0,0,4,0,0,4,0,0,0,51,0,,0.575,0.575,0.158,0,0,-0.7
39,1992-05-04,Toronto,ON,CAN,CAN,74,209,R,,,,Y,23,Kyle,Baun,CHI,CHI,RW,2, , ,2,0,0,0,0,-2,1,0,0,0.00%,0.00%,1086,9.1,24,12,45.3,0,0,0,0,0.00%,,,,0,,0,9,3,0,0,0,0,29.8,9.9,0,0,0,0,0,0,0,0,0,0,3,0,,, ,,0,0,0,0,0,0,0,0,0,0,0,0,0,0%,-0.1,-0.1,-0.1,-0.05,-0.33,1,0.5,0.5,-2,-0.2,-0.1,0,-0.4,-0.2,-1.33,72,0,0,0,0,0,0,0,0,0,0,1,0,0,0,9,0,,0.792,0.859,0.045,0,0.133,-0.4
83,1985-10-16,Calgary,AB,CAN,CAN,75,210,R,,,,,30,Jay,Beagle,WSH,WSH,RW/C,57, , ,57,8,9,5,17,0,74,36,13,10.80%,6.50%,47935,14,1122,19.7,42.7,84,6.3,370,267,58.10%,13,6,463,268,174,102,55,55,24,36,12,20,4.1,4.1,1.8,2.7,0.9,1.5,24,12,0,0,0,0,103,-7.1,,, ,,2,0,1,0,1,1,1,0,0,0,5,0,1,100%,0.6,0.8,1.4,0.02,0.11,3,11.7,14,-4.7,2.1,1.9,0,4,0.07,0.3,25,1,2,5,28,19,2,4,4,6,1,38,2,1,2,186,25,"Lower body, Upper body",1.75,1.75,1.75,534,0,1.4
32,1980-06-04,Sorel,QC,CAN,CAN,73,208,L,1998,3,75,,35,Francois,Beauchemin,COL,COL,D,82, , ,82,8,26,6,34,-7,127,52,85,6.30%,3.00%,123393,25.1,2398,29.2,51.5,59,1.7,0,0,0.00%,,,,0,,0,67,78,256,52,41,31,2,2.3,7.5,1.5,1.2,0.9,38,19,0,0,0,0,372,-3.8,,, ,,3,0,2,0,0,0,1,1,1,0,5,0,0,0%,2.1,3.9,6,0.07,0.18,6,38.9,43.2,-0.9,4,3.4,0,7.4,0.09,0.22,57.8,1,3,4,44,0,0,67,10,1,0,49,2,2,4,186,0,,4.5,4.5,4.5,0,0,-1
28,1992-12-05,Strathroy,ON,CAN,CAN,74,205,L,2011,1,17,,23,Nathan,Beaulieu,MTL,MTL,D,64, , ,64,2,17,8,19,-6,74,25,45,2.70%,1.40%,67035,17.5,1409,22,47.6,97,5.2,0,0,0.00%,,,,0,,0,126,59,89,25,48,17,6.8,3.2,4.8,1.3,2.6,0.9,55,10,3,1,0,1,206,2.9,,, ,,0,0,0,0,0,0,1,0,0,0,1,0,0,0%,0.9,1.9,2.8,0.04,0.15,3,21.2,22,-2.5,1.9,1.5,0,3.4,0.05,0.18,45.8,1,0,2,22,1,0,20,5,0,1,47,0,1,2,186,15,"Thumb, Lower body",1,1,1,183,0,2.4
,1991-05-13,St. Catharines,ON,CAN,CAN,74,203,R,2009,3,70,,24,Taylor,Beck,NYI,NYI,LW/RW,2, , ,2,0,0,0,0,0,0,2,1,0.00%,0.00%,1018,8.5,24,12,42.4,0,0,0,0,0.00%,,,,0,,0,3,6,0,2,0,0,10.6,21.2,0,7.1,0,0,2,1,0,0,0,0,8,0,,, ,,0,0,0,0,0,0,0,0,0,0,0,0,0,0%,0,0,0,0,0,1,0.1,0.1,0,0,0,0,0,0,0,0,0,1,1,0,0,0,0,0,0,0,0,0,0,0,25,0,,0.875,0.875,0.118,0,0,-0.1
39,1988-06-07,Windsor,ON,CAN,CAN,72,203,L,2006,4,112,,27,Matt,Beleskey,BOS,BOS,LW,80, , ,80,15,22,11,37,6,168,98,96,8.90%,4.10%,76113,15.9,1663,20.8,45.8,129,6.1,6,19,24.00%,,,13,5,12,1,103,260,44,98,26,27,4.9,12.3,2.1,4.6,1.2,1.3,65,15,5,1,0,0,374,-4.5,,, ,,0,0,1,1,2,0,1,3,4,0,5,0,0,0%,2.3,1.6,3.9,0.05,0.18,3,26,22.6,4.5,4,1.9,0,5.9,0.07,0.28,33.1,0,2,12,84,24,0,15,27,13,2,87,0,5,4,186,2,Upper body,4,3.8,3.8,93,0,-1
78,1985-03-06,Le Blanc-Mesnil,,FRA,FRA,72,198,L,,,,,30,Pierre-Edouard,Bellemare,PHI,PHI,LW/C,73, , ,74,7,7,6,14,-8,102,49,48,6.90%,3.50%,60246,13.6,1459,19.7,41.3,81,4.8,272,307,47.00%,,,348,176,231,96,107,65,61,49,23,37,6.4,3.9,3.6,2.9,1.4,2.2,27,11,1,0,0,0,154,-4,,, ,,1,0,1,1,1,1,0,0,0,0,5,0,0,0%,-0.5,0.8,0.4,0.01,0.02,3,15.4,22,-7.8,-0.8,2.3,0,1.5,0.02,0.09,37.1,1,3,2,43,9,4,11,25,3,0,50,1,1,0,186,8,Lower body,0.7,0.713,0.713,70,0,1.2
14,1989-07-18,Victoria,BC,CAN,CAN,74,210,L,2007,5,129,,26,Jamie,Benn,DAL,DAL,LW,81, , ,82,41,48,26,89,7,247,96,88,16.60%,9.50%,98508,20,2191,26.7,45,194,7.1,226,252,47.30%,,,242,130,236,96,94,156,55,96,80,65,3.4,5.7,2,3.5,2.9,2.4,64,26,2,0,0,0,277,6.4,3,1,33%,0,3,1,5,5,3,0,2,6,7,1,22,0,0,0%,10.3,1.7,12.1,0.15,0.44,8,42.5,36.9,8.7,20.4,3,0,23.4,0.29,0.86,27.9,1,8,14,73,25,5,16,29,27,2,143,6,9,5,186,0,,5.75,5.25,5.25,0,0,13.4
24,1987-07-26,Victoria,BC,CAN,CAN,74,200,L,,,,,28,Jordie,Benn,DAL,DAL,D,63, , ,64,3,9,6,12,2,58,23,42,5.20%,2.40%,60107,15.7,1453,22.7,41.4,65,3.9,0,0,0.00%,,,,0,,0,98,90,94,23,39,12,5.9,5.4,5.6,1.4,2.3,0.7,21,8,1,0,0,0,206,1.7,1,0,0%,0,0,0,2,0,0,0,2,0,0,0,1,0,0,0%,0.5,1.8,2.2,0.03,0.13,4,17.8,22.7,-3.7,0.7,2.3,-0.2,2.8,0.04,0.17,56.4,0,0,5,18,1,0,13,6,0,0,38,0,0,2,186,15,"Lower body, Illness",0.85,0.7,0.7,128,0,2.5
19,1991-11-27,Gardena,CA,USA,USA,74,195,R,2010,1,20,,24,Beau,Bennett,PIT,PIT,RW/LW,33, , ,33,6,6,1,12,-1,52,16,25,11.50%,6.50%,23553,11.9,574,17.4,41,13,2,2,4,33.30%,,,2,1,4,1,49,65,6,16,10,5,7.5,9.9,0.9,2.4,1.5,0.8,10,5,0,0,0,0,81,-2.4,,, ,,0,0,0,0,1,0,0,1,0,0,4,0,0,0%,0.9,0.3,1.3,0.04,0.2,2,9.5,8,-2.9,1,0.3,0,1.3,0.04,0.2,31.8,0,2,1,13,5,0,4,11,1,0,31,1,0,2,186,48,"Undisclosed, Upper body",0.8,0.8,0.8,468,0,0.8
93,1996-06-20,Holland Landing,ON,CAN,CAN,73,186,L,2014,1,4,Y,19,Sam,Bennett,CGY,CGY,C,76, , ,77,18,18,12,36,-11,136,44,60,13.20%,7.50%,69975,15.1,1642,21.3,42.6,132,6.8,160,187,46.10%,9,4,221,102,126,58,76,110,32,44,27,34,3.9,5.7,1.6,2.3,1.4,1.7,37,16,1,0,0,0,180,12.1,1,0,0%,0,4,0,2,1,3,0,0,0,1,1,13,0,0,0%,2.7,0.7,3.4,0.04,0.17,5,25.1,21.9,-3.4,4,1.5,-0.2,5.3,0.07,0.27,22.4,1,3,5,35,18,0,0,5,13,5,95,5,1,3,186,5,Upper body,0.925,0.925,3.194,197,2.3,-0.3
61,1984-01-06,St. Albert,ON,CAN,CAN,71,191,L,,,,,32,Andre,Benoit,STL,STL,D,2, , ,2,0,0,0,0,1,0,1,0,0.00%,0.00%,1630,13.6,39,19.5,41.8,0,0,0,0,0.00%,,,,0,,0,4,1,5,1,0,0,8.8,2.2,11,2.2,0,0,0,0,0,0,0,0,6,0.1,,, ,,0,0,0,0,0,0,0,0,0,0,0,0,0,0%,0,0.1,0.1,0.05,0.22,3,0.3,0.3,1,-0.1,0.2,0,0.1,0.05,0.22,0,0,0,0,1,0,0,0,0,0,0,0,0,0,0,5,0,,0.6,0.6,0.016,0,0,0.1
37,1985-07-24,Ancienne-Lorette,QC,CAN,CAN,73,195,R,2003,2,45,,30,Patrice,Bergeron,BOS,BOS,C,80, , ,80,32,36,16,68,12,282,99,74,11.30%,7.00%,95207,19.8,2080,26,45.8,121,4.6,1130,848,57.10%,60,29,1343,788,635,341,88,77,56,99,34,67,3.3,2.9,2.1,3.7,1.3,2.5,49,22,1,0,0,0,183,-11.9,5,0,0%,0,9,0,6,0,3,0,0,4,6,0,19,0,0,0%,6.9,2.1,9,0.11,0.34,8,35,34.3,9.5,13.9,4.6,-1.1,17.4,0.22,0.66,33.3,1,1,9,88,19,1,13,66,24,0,159,5,7,7,186,2,Undisclosed,8.75,6.875,6.875,168,0,3.9
21,1988-06-02,VÃ¤sterÃ¥s,,SWE,SWE,75,217,L,2006,1,25,,27,Patrik,Berglund,STL,STL,C,42, , ,42,10,5,2,15,1,80,26,22,12.50%,7.80%,39032,15.5,983,23.4,39.7,28,2.6,139,138,50.20%,10,7,176,86,101,53,29,48,17,26,9,22,2.7,4.4,1.6,2.4,0.8,2,16,8,0,0,0,0,81,-6.2,2,2,100%,1,1,0,5,0,0,0,1,1,2,0,6,0,0,0%,1,0.8,1.8,0.04,0.17,2,12.7,12.1,-0.5,1.3,1.2,0.9,3.5,0.08,0.32,26.5,0,2,4,20,4,3,7,10,6,1,49,1,0,0,186,40,Shoulder,3.7,3.7,3.7,1805,0,-3.2
16,1985-03-31,Quebec City,QC,CAN,CAN,75,220,R,2003,1,16,,30,Steve,Bernier,NYI,NYI,RW,23, , ,24,1,5,1,6,3,27,4,12,3.70%,2.30%,16168,11.2,399,16.6,40.5,14,3.1,0,0,0.00%,,,,0,,0,25,42,13,4,7,6,5.6,9.4,2.9,0.9,1.6,1.3,9,2,1,0,0,0,65,-0.5,,, ,,0,0,0,0,0,0,1,0,0,0,0,0,0,0%,0,0.4,0.5,0.02,0.11,3,3.9,3.8,2.7,0.6,0.6,0,1.2,0.05,0.27,28.3,0,0,0,4,0,2,3,5,3,2,12,0,0,0,186,0,,0.75,0.75,0.75,0,0,0.8
47,1994-04-05,Fribourg,,CHE,CHE,70,189,R,2012,6,158,Y,21,Christoph,Bertschy,MIN,MIN,C,3, , ,3,0,0,0,0,0,3,1,0,0.00%,0.00%,1250,6.9,32,10.7,39.1,0,0,0,0,0.00%,,,,0,,0,1,7,2,1,0,0,2.9,20.2,5.8,2.9,0,0,0,0,0,0,0,0,9,0,,, ,,0,0,0,0,0,0,0,0,0,0,0,0,0,0%,-0.1,0,0,0,0,3,0.2,0.2,0,-0.1,0,0,0,0,0,46.7,0,0,0,1,0,0,0,2,0,0,1,0,0,0,3,0,,0.693,0.776,0.015,0,0.233,0
29,1986-03-09,Bowmanville,ON,CAN,CAN,76,223,L,2004,2,41,,29,Bryan,Bickell,CHI,CHI,LW,25, , ,25,0,2,1,2,-5,21,11,12,0.00%,0.00%,14682,9.8,349,14,42.1,24,5.9,2,0,100.00%,,,1,1,1,1,52,58,10,11,7,4,12.8,14.2,2.5,2.7,1.7,1,2,1,0,0,0,0,70,1.6,,, ,,0,0,0,0,0,0,0,0,0,0,0,0,0,0%,-0.5,0.1,-0.4,-0.02,-0.1,3,4.6,4.5,-5.3,-1.4,0,0,-1.4,-0.06,-0.34,30.8,0,0,0,11,1,0,2,4,0,0,14,0,0,0,186,0,,4.5,4,3.417,0,0,-7.5
55,1988-04-04,Montreal,QC,CAN,CAN,70,187,R,2006,5,147,,27,Alex,Biega,VAN,VAN,D,51, , ,51,0,7,3,7,-11,61,15,40,0.00%,0.00%,51296,16.8,1232,24.2,41.6,41,2.9,0,0,0.00%,,,,0,,0,96,124,41,15,18,8,6.7,8.7,2.9,1.1,1.3,0.6,22,11,0,0,0,0,187,1.6,,, ,,0,0,0,0,0,0,0,0,0,0,0,0,0,0%,-0.3,1.2,0.9,0.02,0.06,3,15.8,18.4,-3.4,-1.3,0.9,0,-0.4,-0.01,-0.03,56.9,0,1,1,13,3,1,20,6,0,0,31,0,0,1,144,2,Upper body,0.6,0.6,0.465,15,0,-0.5
2,1981-06-16,Grimsby,ON,CAN,CAN,73,200,R,2001,5,151,,34,Kevin,Bieksa,ANA,ANA,D,71, , ,71,4,11,7,15,-7,109,56,84,3.70%,1.60%,89506,21,1800,25.4,49.7,82,3.3,0,0,0.00%,,,,0,,0,77,152,108,56,51,13,3.1,6.1,4.3,2.3,2.1,0.5,99,27,5,1,1,0,364,-3.2,,, ,,0,0,1,1,0,0,2,1,0,0,1,0,0,0%,0.3,3.3,3.6,0.05,0.14,5,29.8,32.6,-8.5,-1.1,3.6,0,2.5,0.04,0.1,54.7,0,3,0,53,5,0,51,7,6,0,40,0,1,1,186,11,"Upper body, Lower body",2.5,4.6,4.6,617,0,-6.1
3,1995-02-22,Orillia,ON,CAN,CAN,73,190,L,2013,2,32,Y,20,Chris,Bigras,COL,COL,D,31, , ,31,1,2,0,3,-2,21,14,12,4.80%,2.10%,24816,13.3,579,18.7,42.9,0,0,0,0,0.00%,,,,0,,0,39,17,17,14,8,4,5.7,2.5,2.5,2,1.2,0.6,16,8,0,0,0,0,50,-4.2,,, ,,0,0,0,0,0,0,0,0,0,0,1,0,0,0%,-0.1,0.7,0.7,0.02,0.1,0,5.7,6.7,-0.9,-0.1,0.3,0,0.2,0.01,0.03,54.9,0,0,1,13,0,0,3,6,0,0,12,0,0,0,88,7,"Foot, Concussion",0.865,0.874,0.408,80,0.06,-0.1
2,1990-07-15,Island Park,NY,USA,USA,73,210,L,2010,6,168,Y,25,Anthony,Bitetto,NSH,NSH,D,27, , ,28,1,5,1,6,0,19,11,11,5.30%,2.40%,20385,12.1,472,16.9,43.2,13,2.3,0,0,0.00%,,,,0,,0,21,62,41,11,8,2,3.7,10.9,7.2,1.9,1.4,0.4,19,7,1,0,0,0,123,0.6,,, ,,0,0,0,0,0,0,0,0,0,0,1,0,0,0%,0.4,0.8,1.1,0.04,0.19,4,5.7,6.4,0,1,0.7,0,1.7,0.06,0.3,43.6,0,0,1,10,1,0,7,2,1,0,8,0,0,0,186,9,Lower body,0.665,0.665,0.666,73,0,1.5
28,1995-04-10,Herning,,DNK,DNK,72,177,R,2013,3,89,Y,20,Oliver,Bjorkstrand,CBJ,CBJ,RW,12, , ,12,4,4,2,8,6,25,7,12,16.00%,9.10%,11503,16,239,19.9,48.1,18,5.6,0,0,0.00%,,,,0,,0,8,9,5,7,6,6,2.5,2.8,1.6,2.2,1.9,1.9,0,0,0,0,0,0,14,4.9,1,0,0%,0,0,0,1,0,0,0,0,3,0,0,1,0,0,0%,0.8,0.5,1.3,0.11,0.41,4,4.2,3.2,7.3,1.7,0.8,-0.2,2.2,0.18,0.69,25.8,0,1,0,6,1,0,1,14,1,0,8,1,0,0,24,0,,0.693,0.678,0.111,0,0.283,2.1
27,1992-07-17,Minneapolis,MN,USA,USA,78,218,R,2010,1,19,,23,Nick,Bjugstad,FLA,FLA,C,67, , ,67,15,19,14,34,-8,171,49,54,8.80%,5.50%,62350,15.5,1306,19.5,47.7,120,6.9,449,419,51.70%,16,5,589,303,279,146,58,87,28,49,26,25,3.3,5,1.6,2.8,1.5,1.4,41,13,1,1,0,0,157,-0.6,7,4,57%,1,5,0,3,0,0,0,1,4,1,0,9,0,0,0%,2.7,0.7,3.4,0.05,0.2,4,26.2,20.6,-13.1,3.1,0.4,1.2,4.8,0.07,0.28,28.2,0,3,2,44,20,1,34,26,8,5,77,1,2,2,186,15,Upper body,2.85,4.1,4.1,750,0,-2.8
64,1994-07-18,Markham,ON,CAN,CAN,72,200,L,2012,6,162,Y,21,Joseph,Blandisi,NJD,NJD,LW/RW/C,40, , ,41,5,12,9,17,-14,43,22,16,11.60%,6.20%,38382,15.6,790,19.3,48.6,100,9.4,11,22,33.30%,,,18,6,15,5,52,39,13,22,8,19,4.9,3.7,1.2,2.1,0.8,1.8,34,17,0,0,0,0,86,-0.5,1,0,0%,0,3,0,1,0,0,0,0,1,3,0,1,0,0,0%,0.7,0.4,1.1,0.03,0.1,3,16.2,12.2,-7.3,-0.3,0.2,-0.2,-0.3,-0.01,-0.03,23.8,0,1,2,19,4,1,5,11,5,1,16,1,1,1,24,0,,0.665,0.648,0.102,0,0.235,-0.4
46,1986-12-15,Toronto,ON,CAN,CAN,76,217,R,2005,2,43,,29,Mike,Blunden,TBL,TBL,RW/LW,20, , ,20,3,2,2,5,3,14,4,10,21.40%,10.70%,10384,8.7,248,12.4,41.9,21,7.3,0,0,0.00%,,,,0,,0,33,41,3,4,2,1,11.4,14.2,1,1.4,0.7,0.3,34,7,2,1,0,0,80,-1.3,,, ,,2,0,1,0,0,0,0,0,1,0,2,0,0,0%,0.4,0.3,0.8,0.04,0.28,3,3.4,3.3,2.5,0.8,0.6,0,1.5,0.08,0.52,26.9,0,0,0,4,3,0,1,0,1,0,9,0,0,1,50,0,,0.6,0.6,0.161,0,0,1.5
41,1988-07-11,Drumheller,AB,CAN,CAN,71,196,L,2006,5,128,,27,Andrew,Bodnarchuk,COL,"CBJ, COL",D,16,21, ,37,0,4,3,4,-7,9,5,19,0.00%,0.00%,27394,12.3,650,17.6,42.1,35,4.6,0,0,0.00%,,,,0,,0,53,44,27,5,6,2,7,5.8,3.5,0.7,0.8,0.3,14,7,0,0,0,0,85,-1.9,,, ,,0,0,0,0,0,0,0,0,0,0,0,0,0,0%,-0.1,0.4,0.2,0.01,0.03,1,9.2,10.6,-4.8,-0.8,0,0,-0.7,-0.02,-0.09,51.4,0,0,1,4,1,0,4,3,0,0,1,0,0,0,141,0,,0.65,0.65,0.492,0,0,-0.9
89,1989-12-16,Brondby,,DNK,DNK,72,211,L,2008,1,8,,26,Mikkel,Boedker,COL,"ARI, COL",LW/RW,61,18, ,80,17,34,21,51,-33,166,68,75,10.20%,5.50%,88941,18.5,1788,22.4,49.7,223,9,1,2,33.30%,,,2,0,1,1,76,51,31,68,32,38,3.1,2.1,1.3,2.8,1.3,1.5,12,6,0,0,0,0,94,3.9,4,2,50%,1,2,3,5,1,3,0,1,1,0,0,12,0,0,0%,3.6,0.2,3.8,0.05,0.15,5,38.9,29.6,-20.5,3.6,-1.2,0.7,3.1,0.04,0.13,30.8,0,4,6,58,14,1,18,14,4,1,114,4,2,1,186,0,,3.75,3.75,3.75,0,0,-3.7
47,1990-07-15,Massena,NY,USA,USA,75,219,R,2008,1,3,,25,Zach,Bogosian,BUF,BUF,D,64, , ,64,7,17,6,24,-11,121,39,58,5.80%,3.20%,85815,22.3,1804,28.2,47.6,56,2.3,0,0,0.00%,,,,0,,0,40,86,98,39,21,17,1.7,3.6,4.1,1.6,0.9,0.7,68,19,2,1,1,0,254,2.8,,, ,,1,0,1,0,0,1,2,1,0,0,3,0,0,0%,1.8,2.7,4.5,0.07,0.19,4,29.9,31.5,-5.9,2.9,2.4,0,5.3,0.08,0.22,53.2,0,0,1,38,2,1,63,14,2,0,39,0,3,0,186,18,Lower body,5.25,5.143,5.143,1129,0,-4.5
40,1986-05-13,Charlotte,NC,USA,USA,75,209,R,2005,4,101,,29,Jared,Boll,CBJ,CBJ,RW,30, , ,30,1,2,1,3,-3,11,5,6,9.10%,4.50%,11970,6.7,321,10.7,37.3,14,4.2,2,0,100.00%,,,1,1,1,1,22,53,15,5,0,3,6.6,15.9,4.5,1.5,0,0.9,61,8,7,0,1,0,136,-1.4,,, ,,0,0,0,0,0,0,0,0,0,0,1,0,0,0%,-0.1,0.1,0,0,0,3,4,3.9,-2.3,-0.6,0.1,0,-0.5,-0.02,-0.15,39.4,0,0,0,5,0,0,1,4,0,0,6,0,0,0,186,20,"Neck, Foot",1.7,1.7,1.7,415,0,-2.9
63,1986-06-05,Mimico,ON,CAN,CAN,72,184,R,2004,2,32,,29,Dave,Bolland,FLA,FLA,C,25, , ,25,1,4,2,5,-2,26,12,14,3.80%,1.90%,21138,14.1,506,20.2,41.8,25,4.3,156,185,45.70%,4,2,215,103,126,53,16,36,9,12,12,5,2.7,6.1,1.5,2,2,0.9,16,8,0,0,0,0,61,-5.8,,, ,,0,0,0,0,0,0,0,0,1,0,0,0,0,0%,-0.3,0.3,0,0,0,3,6.2,7.4,-4,-0.8,0.5,0,-0.3,-0.01,-0.05,30.3,0,1,0,11,4,0,6,1,1,0,14,0,0,0,186,49,"Lower body, Hand",5.5,5.5,5.5,3287,0,-10.8
52,1987-01-31,St. Charles,MO,USA,USA,74,220,L,,,,,29,Brandon,Bollig,CGY,CGY,LW,53, , ,54,2,2,0,4,-10,56,23,16,3.60%,2.10%,30099,9.3,797,14.8,37.8,0,0,2,1,66.70%,,,3,2,,0,49,117,25,23,8,11,5.9,14,3,2.8,1,1.3,103,14,7,4,0,0,252,-11.9,,, ,,1,0,0,0,0,0,0,0,1,0,1,0,0,0%,-0.7,0.1,-0.7,-0.01,-0.08,3,8.3,8.3,-8.1,-2.1,0.2,0,-1.9,-0.04,-0.23,42.8,0,0,4,19,6,0,3,12,2,0,33,0,0,0,186,0,,1.3,1.25,1.25,0,0,-3.4
13,1988-04-20,Hartford,CT,USA,USA,73,196,L,2007,6,173,,27,Nick,Bonino,PIT,PIT,C/LW,63, , ,63,9,20,12,29,13,97,33,37,9.30%,5.40%,59871,15.8,1424,22.6,42,137,8.2,463,455,50.40%,4,4,623,321,295,142,72,22,67,33,17,32,4.3,1.3,4,2,1,1.9,31,13,1,0,0,0,121,-5.9,1,0,0%,0,1,0,0,1,0,0,0,2,0,0,7,0,0,0%,1.5,1.5,3,0.05,0.18,4,16.5,19.2,7.7,4.4,3.8,-0.2,7.9,0.13,0.48,27,0,3,2,28,15,0,4,11,3,1,63,1,2,2,186,19,"Hand, Illness, Undisclosed",1.9,1.9,1.9,440,0,5
74,1989-07-12,Ottawa,ON,CAN,CAN,74,205,L,2008,5,139,,26,Mark,Borowiecki,OTT,OTT,D,62, , ,63,1,1,1,2,-4,27,14,19,3.70%,1.70%,55290,14.6,1313,20.8,42.1,17,1.1,0,1,0.00%,,,1,0,,0,97,271,99,14,22,3,6.3,17.6,6.4,0.9,1.4,0.2,107,20,9,1,1,0,486,-1.8,,, ,,0,0,0,1,0,0,0,0,0,0,1,0,0,0%,-0.8,1,0.2,0,0.01,4,13,21.3,-10.8,-2.1,-0.6,0,-2.7,-0.04,-0.18,54,0,1,0,13,1,0,5,7,0,0,14,0,0,0,186,19,"Knee, Upper body",1,1.1,1.1,255,0,-3.9
41,1989-03-18,Thunder Bay,ON,CAN,CAN,76,215,R,2007,3,78,,26,Robert,Bortuzzo,STL,STL,D,40, , ,40,2,1,0,3,2,47,22,19,4.30%,2.30%,31846,13.3,821,20.5,38.8,0,0,0,0,0.00%,,,,0,,0,73,93,42,22,9,5,8.3,10.5,4.7,2.5,1,0.6,52,16,4,0,0,0,191,-8.8,,, ,,0,0,0,0,0,0,0,0,0,0,2,0,0,0%,-0.1,1.4,1.3,0.03,0.15,2,7.7,9.7,0.7,-0.4,1.3,0,0.9,0.02,0.1,46.3,0,1,1,20,3,0,13,4,0,0,27,0,0,0,186,7,Lower body,1.05,1.05,1.05,90,0,-0.2
12,1993-09-08,Lansing,MI,USA,USA,70,195,L,2011,4,99,,22,Reid,Boucher,NJD,NJD,LW/RW,38, , ,39,8,11,7,19,-13,74,25,24,10.80%,6.50%,33392,14.3,723,18.5,46.2,78,8.4,1,2,33.30%,,,1,0,2,1,54,32,14,25,9,9,5.8,3.4,1.5,2.7,1,1,6,3,0,0,0,0,52,1.6,2,1,50%,0,2,0,4,0,1,0,1,2,0,0,4,0,0,0%,1.5,0.3,1.8,0.05,0.19,3,14.8,11.8,-6.9,1.6,0.3,0.2,2.2,0.06,0.24,31.9,0,1,2,22,4,1,12,24,4,0,29,2,3,1,94,0,,0.743,0.693,0.467,0,0.183,1.8
36,1976-08-17,Halifax,NS,CAN,CAN,72,227,L,1994,9,234,,39,Eric,Boulton,NYI,NYI,LW,6, , ,6,0,0,0,0,-3,3,0,2,0.00%,0.00%,3415,9.5,88,14.7,38.8,0,0,0,0,0.00%,,,,0,,0,3,15,0,0,2,1,3.2,15.8,0,0,2.1,1.1,2,1,0,0,0,0,17,-0.1,,, ,,0,0,0,0,0,0,0,0,0,0,0,0,0,0%,-0.2,-0.1,-0.2,-0.03,-0.21,1,1.1,1.1,-2.1,-0.5,-0.1,0,-0.6,-0.1,-0.63,23.3,0,0,0,0,0,0,1,0,0,0,2,0,0,0,180,46,"Upper body, Lower body",0.575,0.575,0.653,393,0.1,-0.9
17,1990-03-25,Provost,AB,CAN,CAN,74,208,L,2008,3,78,,25,Lance,Bouma,CGY,CGY,C,43, , ,44,2,5,3,7,-6,49,17,17,4.10%,2.40%,31774,12,831,18.9,38.2,42,4.8,5,8,38.50%,1,1,8,3,5,2,35,110,42,17,10,6,4,12.5,4.8,1.9,1.1,0.7,31,3,1,2,0,0,184,7.5,,, ,,0,0,0,1,0,0,0,0,0,0,2,0,0,0%,-0.5,0.3,-0.2,0,-0.02,5,8.6,12.6,-6.6,-1.2,0.9,0,-0.3,-0.01,-0.03,25,0,0,1,16,6,0,3,3,1,3,33,0,0,1,186,36,"Oblique, Leg",2.1,2.2,2.2,966,0,-3.8
57,1990-09-23,Rimouski,QC,CAN,CAN,70,206,L,2009,5,132,,25,Gabriel,Bourque,NSH,NSH,RW/LW,22, , ,22,1,3,2,4,0,25,8,9,4.00%,2.40%,16321,12.4,390,17.7,41.8,26,5.7,0,1,0.00%,,,,0,1,0,30,55,22,8,5,3,6.6,12.1,4.9,1.8,1.1,0.7,18,4,0,1,0,0,95,0.3,,, ,,0,0,0,0,0,0,0,0,0,0,1,0,0,0%,-0.2,0.3,0.1,0,0.02,5,4.9,6.6,-0.8,-0.6,1,0,0.4,0.02,0.09,28.6,0,0,3,5,2,0,1,6,4,1,11,0,1,0,186,60,"Upper body, Undisclosed",0.866,0.866,0.866,634,0,-0.3
18,1981-12-10,Lac La Biche,AB,CAN,CAN,74,217,L,,,,,34,Rene,Bourque,CBJ,CBJ,RW/LW,48, , ,49,3,5,1,8,-9,77,27,27,3.90%,2.30%,30703,10.4,717,14.6,42.8,15,1.8,3,6,33.30%,,,5,2,4,1,46,82,19,27,8,16,5.4,9.6,2.2,3.2,0.9,1.9,38,14,0,1,0,0,139,-3.8,,, ,,0,0,0,1,0,0,0,1,1,0,1,0,0,0%,-0.2,0.2,0,0,0,3,9.9,9.6,-6.9,-1.1,0.1,0,-1,-0.02,-0.12,28.4,0,1,3,23,14,1,6,23,5,4,24,0,0,0,186,12,Upper body,2.5,3.333,3.333,488,0,-6.9
19,1983-09-27,Edmonton,AB,CAN,CAN,76,212,L,2002,1,3,,32,Jay,Bouwmeester,STL,STL,D,72, , ,72,3,16,7,19,-4,105,48,77,2.90%,1.30%,99853,23.1,2141,29.7,46.6,94,3.4,0,0,0.00%,,,,0,,0,108,71,110,48,30,11,3.9,2.6,4,1.7,1.1,0.4,18,9,0,0,0,0,199,0.7,,, ,,0,0,0,0,0,0,2,0,0,0,1,0,0,0%,0.4,3.5,3.9,0.05,0.14,5,26.1,37.5,-9.7,1.1,4.7,0,5.8,0.08,0.21,49.2,0,0,6,42,3,1,31,12,3,0,55,0,1,0,186,10,Upper body,5.6,5.4,5.4,659,0,-4.5
55,1984-01-19,Edmonton,AB,CAN,CAN,74,227,R,2002,2,61,,32,Johnny,Boychuk,NYI,NYI,D,69, , ,70,9,16,8,25,17,165,74,122,5.50%,2.50%,89741,21.4,1733,24.8,51.8,85,3.4,0,0,0.00%,,,,0,,0,186,149,140,74,47,21,7.5,6,5.6,3,1.9,0.8,31,13,1,0,0,0,321,2.6,,, ,,3,0,1,0,0,0,5,1,1,0,2,0,0,0%,2,4.6,6.6,0.09,0.26,8,28.1,34.3,12.8,3.9,6.5,0,10.4,0.15,0.42,56.8,0,3,9,62,2,0,113,13,1,0,36,1,0,3,186,11,Upper body,7.5,6,6,805,0,-1.2
28,1982-04-17,Mississauga,ON,CAN,CAN,72,199,R,2000,1,24,,33,Brad,Boyes,TOR,TOR,RW,59, , ,60,8,16,9,24,-6,85,41,43,9.40%,4.70%,43093,12,1048,17.5,41.1,107,8.9,9,5,64.30%,,,8,6,6,3,66,20,17,41,19,25,5.5,1.7,1.4,3.4,1.6,2.1,12,6,0,0,0,0,49,0.8,1,0,0%,0,2,0,1,1,1,0,0,4,2,0,1,0,0,0%,1.5,0.6,2.1,0.04,0.18,3,19,14.7,0.9,1.2,0.7,-0.2,1.6,0.03,0.13,29.4,0,2,1,38,5,0,9,21,10,0,40,0,0,1,372,10,"Shoulder, Upper body",0.7,0.7,1.658,85,0,0.4
11,1984-12-18,Hingham,MA,USA,USA,79,243,L,2003,1,26,,31,Brian,Boyle,TBL,TBL,C/LW,75, , ,76,13,7,4,20,-7,117,43,39,11.10%,6.50%,58871,12.9,1311,17.3,44.9,44,2.7,346,336,50.70%,5,1,383,209,299,137,76,115,48,43,16,15,4.6,7,2.9,2.6,1,0.9,57,16,1,1,1,0,221,-1.3,2,0,0%,0,1,0,4,0,2,0,0,1,1,0,9,0,0,0%,1.1,0.8,1.9,0.03,0.12,4,20,26,-12.3,0.7,3.5,-0.4,3.7,0.05,0.23,32.7,2,0,6,35,15,1,6,13,13,1,68,2,1,1,186,6,"Lower body, Upper body, Undisclosed",2,2,2,146,0,0.6
22,1976-07-12,Ottawa,ON,CAN,CAN,71,194,R,,,,,39,Dan,Boyle,NYR,NYR,D,73, , ,74,10,14,7,24,0,95,42,55,10.50%,5.20%,83536,18.8,1876,25.4,44.5,50,2.2,0,0,0.00%,,,,0,,0,104,66,105,42,47,19,4.5,2.8,4.5,1.8,2,0.8,30,15,0,0,0,0,201,0.1,3,1,33%,1,2,0,0,0,2,0,2,3,0,0,3,1,1,100%,2.1,2.3,4.5,0.06,0.19,3,33.1,27.7,-6,2.6,1.5,0,4.1,0.06,0.18,39.4,1,0,8,33,2,1,48,13,2,0,29,0,0,3,186,0,,4.5,4.5,4.5,0,0,-4.3
42,1986-03-19,Regina,SK,CAN,CAN,73,196,R,,,,,29,Tyler,Bozak,TOR,TOR,C,57, , ,57,12,23,12,35,-9,99,37,47,12.10%,6.60%,59308,17.3,1395,24.5,42.5,143,8.7,597,462,56.40%,9,5,654,359,405,238,70,46,24,37,18,33,4.2,2.8,1.5,2.2,1.1,2,18,9,0,0,0,0,88,1.4,7,1,14%,0,1,0,1,1,1,0,0,5,1,0,5,0,0,0%,2.4,0.8,3.2,0.06,0.19,6,24.1,19,0.2,3.3,0.8,-0.8,3.3,0.06,0.2,25.7,1,1,4,31,8,0,1,37,11,0,42,3,4,1,186,25,"Upper body, Lower body",5,4.2,4.2,1280,0,-4.5
16,1987-09-22,Hull,QC,CAN,CAN,73,205,L,2006,1,6,,28,Derick,Brassard,NYR,NYR,C,79, , ,80,27,31,18,58,12,182,52,73,14.80%,8.80%,85849,17.9,1875,23.4,45.8,152,6.4,676,670,50.20%,30,16,813,411,513,257,68,103,23,52,56,47,2.9,4.3,1,2.2,2.3,2,30,15,0,0,0,0,156,-2.9,,, ,,3,0,5,2,0,1,8,4,2,1,11,0,0,0%,5.7,1.8,7.5,0.09,0.31,4,35.1,26.7,7.8,9.8,2.6,0,12.4,0.16,0.52,30.8,0,1,9,42,8,1,45,24,12,3,89,5,4,0,186,2,"Flu, Illness",6,5,5,122,0,2.9
61,1987-02-10,Minneapolis,MN,USA,USA,74,205,R,2007,7,201,,28,Justin,Braun,SJS,SJS,D,80, , ,80,4,19,11,23,11,114,43,87,3.50%,1.60%,98685,20.6,2046,25.6,48.2,150,5.5,0,0,0.00%,,,,0,,0,155,95,140,43,46,33,5.7,3.5,5.1,1.6,1.7,1.2,36,18,0,0,0,0,271,-0.9,,, ,,0,0,0,2,1,0,0,0,0,0,3,0,0,0%,1,4.4,5.4,0.07,0.2,6,27.1,37,3.6,2.4,6.6,0,8.9,0.11,0.32,52.3,0,1,1,41,5,0,31,23,0,0,55,0,0,2,186,2,Elbow,3.8,3.8,3.8,93,0,2
29,1989-04-03,Willingboro,NJ,USA,USA,73,216,L,2007,2,31,,26,TJ,Brennan,TOR,TOR,D,7, , ,7,1,0,0,1,-6,11,7,8,9.10%,3.80%,6341,15.1,159,22.7,39.9,0,0,0,0,0.00%,,,,0,,0,5,7,5,7,2,2,2.8,4,2.8,4,1.1,1.1,6,3,0,0,0,0,18,-2.5,,, ,,0,0,0,0,0,0,0,1,0,0,0,0,0,0%,0.1,-0.3,-0.2,-0.03,-0.11,1,2.8,2.5,-5,-0.2,-0.6,0,-0.8,-0.11,-0.45,48.9,0,0,0,7,0,0,2,6,0,0,3,0,0,0,11,0,,0.675,0.675,0.04,0,0,-0.8
86,1992-02-25,Everett,MA,USA,USA,72,203,L,2010,2,50,Y,23,Connor,Brickley,FLA,FLA,C,23, , ,23,1,4,4,5,1,13,4,1,7.70%,5.60%,12041,8.7,272,11.8,44.3,59,17.6,0,0,0.00%,,,,0,,0,34,46,6,4,3,4,10.2,13.8,1.8,1.2,0.9,1.2,14,7,0,0,0,0,66,-1.3,,, ,,0,0,1,0,0,0,0,0,0,0,1,0,0,0%,0.1,0.2,0.4,0.02,0.12,2,3.1,3,0.1,0.6,0.4,0,1,0.04,0.3,34.5,0,0,0,4,3,1,0,1,0,0,8,1,0,0,73,0,,0.665,0.652,0.233,0,0,1
7,1990-06-07,Chatham,ON,CAN,CAN,73,182,L,2008,4,114,,25,TJ,Brodie,CGY,CGY,D,69, , ,70,6,39,16,45,4,79,34,84,7.60%,3.00%,106094,25.3,2107,30.1,50.4,139,4.7,0,0,0.00%,,,,0,,0,53,15,104,34,91,47,1.8,0.5,3.5,1.2,3.1,1.6,18,9,0,0,0,0,137,10.6,,, ,,1,1,1,0,0,0,0,2,0,0,4,0,0,0%,3.4,3.5,6.9,0.1,0.23,7,36.5,42.4,10.1,7.7,5.5,0,13.2,0.19,0.45,41.5,0,4,2,28,5,1,20,14,1,0,38,0,4,6,186,12,"Upper body, Hand",3.9,4.65,4.65,680,0,4.5
25,1993-07-12,Karlstad,,SWE,SWE,73,195,L,2011,1,10,,22,Jonas,Brodin,MIN,MIN,D,68, , ,68,2,5,3,7,-5,58,31,52,3.40%,1.40%,83311,20.4,1792,26.4,46.5,47,2,0,0,0.00%,,,,0,,0,76,34,110,31,23,27,3.3,1.5,4.8,1.3,1,1.2,18,9,0,0,0,0,162,2.4,,, ,,0,0,0,0,0,0,2,0,0,0,0,0,0,0%,-0.7,2.9,2.1,0.03,0.09,5,18.5,26.2,-7.9,-1.6,2.6,0,1,0.01,0.04,52.1,0,2,5,24,3,0,28,6,2,0,19,0,0,0,186,13,"Foot, Illness",2.5,4.167,4.167,661,0,-6.7
28,1984-05-25,St. Paul,AB,CAN,CAN,74,212,R,2003,7,214,,31,Kyle,Brodziak,STL,STL,C,76, , ,76,7,4,2,11,-1,49,27,28,14.30%,6.70%,49271,10.8,1297,17.1,38,37,2.7,275,281,49.50%,,,408,202,148,73,38,50,37,27,11,18,2.8,3.7,2.7,2,0.8,1.3,37,11,1,1,0,0,125,-7.2,,, ,,2,0,4,0,0,0,1,0,1,0,5,0,0,0%,-0.3,1,0.7,0.01,0.05,3,12.6,16.9,-3.5,-0.6,2.7,0,2.2,0.03,0.16,29.4,0,1,5,21,5,0,5,3,5,0,31,2,0,2,186,5,Undisclosed,0.9,0.9,0.9,55,0,1.5
36,1985-08-17,Vancouver,BC,CAN,CAN,75,213,R,2004,7,214,,30,Troy,Brouwer,STL,STL,RW,82, , ,82,18,21,10,39,2,142,47,55,12.70%,7.40%,83614,17,2106,25.7,39.7,122,5.3,65,49,57.00%,,,74,41,40,24,73,200,52,47,26,40,3.1,8.6,2.2,2,1.1,1.7,62,16,4,0,1,0,318,-5.1,6,2,33%,1,4,0,4,3,2,0,0,4,2,0,10,0,0,0%,2.5,1.8,4.3,0.05,0.19,7,28.8,28.7,-0.6,4,3.5,0,7.5,0.09,0.32,30.9,0,6,4,37,13,3,9,19,11,0,87,3,1,3,186,0,,3.75,3.667,3.667,0,0,0.9
67,1991-02-03,Flower Mound,TX,USA,USA,74,215,R,2009,2,36,Y,25,Chris,Brown,WSH,WSH,C,1, , ,1,0,0,0,0,0,1,0,1,0.00%,0.00%,461,7.7,11,11,41.9,0,0,0,0,0.00%,,,,0,,0,0,2,0,0,0,0,0,15.6,0,0,0,0,0,0,0,0,0,0,2,0,,, ,,0,0,0,0,0,0,0,0,0,0,0,0,0,0%,0,0,0,0,0,2,0.1,0,0,0,0,0,0,0,0,21,0,0,0,0,0,0,0,0,0,0,1,0,0,0,60,0,,0.575,0.575,0.088,0,0,0.2
16,1994-01-14,Toronto,ON,CAN,CAN,71,183,R,2012,6,156,Y,22,Connor,Brown,TOR,TOR,RW,7, , ,7,1,5,3,6,-2,11,3,6,9.10%,5.00%,6288,15,141,20.1,44.6,6,3.4,0,0,0.00%,,,,0,,0,10,1,2,3,0,4,5.7,0.6,1.1,1.7,0,2.3,0,0,0,0,0,0,3,1,,, ,,0,0,0,0,1,0,0,0,0,0,0,0,0,0%,0.5,0,0.5,0.07,0.29,2,4.2,3.2,-0.4,0.4,0.1,0,0.5,0.07,0.29,32.1,0,0,0,3,2,0,1,0,1,0,7,0,1,0,14,0,,0.718,0.718,0.067,0,0.208,0.4
23,1984-11-04,Ithaca,NY,USA,USA,72,206,R,2003,1,13,,31,Dustin,Brown,LAK,LAK,RW/LW,81, , ,82,11,17,10,28,-5,218,95,64,5.00%,2.90%,79573,16.2,1774,21.6,44.9,197,8.9,8,9,47.10%,,,11,4,6,4,172,234,20,95,31,40,7.8,10.6,0.9,4.3,1.4,1.8,30,14,0,0,0,0,284,8.5,2,0,0%,0,1,0,0,0,4,0,1,1,0,0,5,1,1,100%,0.7,1.2,1.9,0.02,0.09,3,22,25.1,-11.9,1.8,2.5,-0.4,3.8,0.05,0.17,32.8,0,6,7,82,26,4,22,33,7,1,125,0,3,1,186,0,,7.25,5.875,5.875,0,0,-7.5
23,1990-07-02,Burnsville,MN,USA,USA,70,175,R,,,,,25,J.T.,Brown,TBL,TBL,RW/LW,77, , ,78,8,14,10,22,16,140,49,47,5.70%,3.40%,62531,13.4,1385,17.8,45.1,125,7.2,23,27,46.00%,,,38,20,12,3,131,103,40,49,14,21,7.5,5.9,2.3,2.8,0.8,1.2,59,12,5,1,0,0,207,3.5,,, ,,1,0,0,1,3,0,0,1,1,0,3,0,0,0%,0.5,1.9,2.4,0.03,0.14,4,17.5,20.8,11.7,1.6,4.4,0,6.1,0.08,0.35,34,0,3,8,38,18,1,11,8,13,2,87,0,1,1,186,2,Upper body,0.975,0.95,0.95,23,0,5.2
13,1985-06-24,Chicago,IL,USA,USA,71,205,R,2004,5,159,,30,Mike,Brown,MTL,"SJS, MTL",RW/LW,44,14, ,58,2,3,3,5,-5,51,18,20,3.90%,2.20%,27169,7.8,720,12.4,37.7,66,8.7,3,1,75.00%,,,3,2,1,1,44,176,25,18,12,9,5.8,23.3,3.3,2.4,1.6,1.2,90,19,10,0,0,0,301,-5.9,,, ,,0,0,0,0,0,0,0,0,0,0,2,0,0,0%,-0.5,0.3,-0.2,0,-0.03,3,7.8,7.6,-5.3,-1.4,0.5,0,-0.9,-0.02,-0.12,31.1,0,0,0,18,8,1,3,6,3,1,29,1,0,0,186,1,Upper body,1.25,1.2,1.464,15,0,-2.8
36,1992-05-29,Bloomfield Hills,MI,USA,USA,73,210,R,,,,Y,23,Patrick,Brown,CAR,CAR,C/RW,7, , ,7,1,1,0,2,4,8,4,1,12.50%,7.70%,5294,12.6,127,18.1,41.7,0,0,0,0,0.00%,,,,0,,0,6,11,6,4,4,2,4.1,7.5,4.1,2.7,2.7,1.4,4,2,0,0,0,0,21,-1.1,,, ,,1,0,0,0,0,0,0,0,0,0,1,0,0,0%,0.1,0.3,0.4,0.06,0.27,4,2,2,4.6,0,0.7,0,0.6,0.09,0.41,15.9,0,0,1,3,2,0,0,3,0,1,2,1,0,0,12,0,,0.665,0.652,0.042,0,0,0.6
54,1992-04-26,Prince George,BC,CAN,CAN,76,212,R,2010,2,39,Y,23,Brett,Bulmer,MIN,MIN,RW/LW,3, , ,3,0,0,0,0,-1,2,0,0,0.00%,0.00%,1209,6.7,34,11.3,35.6,0,0,0,0,0.00%,,,,0,,0,3,2,0,0,0,0,8.9,6,0,0,0,0,7,1,1,0,0,0,10,1,,, ,,0,0,0,0,0,0,0,0,0,0,0,0,0,0%,-0.1,0,-0.1,-0.03,-0.3,3,0.4,0.4,-1,-0.2,0,0,-0.2,-0.07,-0.6,35,0,0,0,0,0,0,0,0,0,0,2,0,0,0,10,0,,0.6,0.6,0.032,0,0,-0.2
65,1995-02-09,Klagenfurt,,AUT,SWE,75,198,L,2013,1,23,,20,Andre,Burakovsky,WSH,WSH,LW/C,79, , ,79,17,21,8,38,4,126,50,62,13.50%,7.10%,61736,13,1292,16.4,47.8,75,4.4,17,20,45.90%,,,26,11,11,6,93,37,24,50,30,34,5.4,2.2,1.4,2.9,1.7,2,12,6,0,0,0,0,73,1.7,,, ,,2,0,1,0,0,1,0,2,2,0,12,0,0,0%,3.3,1.2,4.6,0.06,0.27,2,23.5,21.5,-6.1,5.8,1.4,0,7.3,0.09,0.43,27.9,3,3,8,36,4,2,1,20,8,0,91,0,2,0,186,0,,0.925,0.925,0.894,0,0,6.6
6,1991-10-21,Kazan,,RUS,RUS,73,180,L,2010,1,8,,24,Alexander,Burmistrov,WPG,WPG,C/RW,80, , ,81,7,14,6,21,-11,102,51,51,6.90%,3.40%,78599,16.2,1751,21.6,44.9,107,4.9,205,307,40.00%,5,1,306,131,206,74,87,125,35,51,48,36,4,5.7,1.6,2.3,2.2,1.6,32,16,0,0,0,0,192,2.2,,, ,,0,0,2,2,2,0,0,1,0,0,4,0,0,0%,-0.5,0.9,0.4,0,0.02,4,20.3,23.2,-10.3,-0.4,1.6,0,1.3,0.02,0.06,31.9,0,2,8,41,10,2,7,15,5,0,63,1,0,3,186,1,Undisclosed,1.5,1.55,1.55,19,0,-0.8
88,1985-03-09,Barrie,ON,CAN,CAN,77,230,R,2003,1,20,,30,Brent,Burns,SJS,SJS,D/RW,82, , ,82,27,48,25,75,-5,353,145,252,7.60%,3.60%,127251,25.9,2252,27.5,56.5,204,5.8,1,0,100.00%,,,,0,1,1,91,101,145,145,102,53,2.6,2.9,4.1,4.1,2.9,1.5,53,24,1,0,0,0,300,-2.3,1,1,100%,1,4,1,4,2,0,0,4,12,0,1,10,0,0,0%,8.8,4.1,12.9,0.16,0.36,5,54.3,46.3,-5.2,18.1,4.9,0.5,23.5,0.29,0.66,50.4,0,4,21,120,9,1,125,79,1,1,137,7,4,6,186,0,,5.76,5.76,5.76,0,0,12.4
14,1981-04-11,Pincourt,QC,CAN,CAN,73,188,L,,,,,34,Alexandre,Burrows,VAN,VAN,RW/LW,79, , ,79,9,13,7,22,-13,135,49,37,6.70%,4.10%,71905,15.2,1694,21.4,42.4,107,5.4,10,12,45.50%,,,15,8,7,2,76,81,33,49,14,27,3.8,4.1,1.7,2.5,0.7,1.4,49,21,1,0,0,0,164,-0.8,7,3,43%,2,1,0,0,2,0,0,0,1,2,0,6,1,1,100%,0.1,1,1.1,0.01,0.06,3,20.5,22.3,-6.3,0.1,1.7,0.5,2.2,0.03,0.11,28.4,0,3,8,38,12,3,14,13,8,1,84,0,1,1,186,2,"Undisclosed, Upper body",4,4.5,4.5,110,0,-6.2
25,1986-10-27,St. Louis,MO,USA,USA,73,196,L,2005,4,96,,29,Chris,Butler,STL,STL,D,5, , ,5,0,0,0,0,-1,4,1,2,0.00%,0.00%,3450,11.5,87,17.4,39.7,0,0,0,0,0.00%,,,,0,,0,4,3,8,1,2,0,4.2,3.1,8.3,1,2.1,0,4,2,0,0,0,0,15,-1.8,,, ,,0,0,0,0,0,0,0,0,0,0,0,0,0,0%,-0.1,0,0,0,0,1,2.2,2.3,-1.3,-0.5,0.1,0,-0.4,-0.08,-0.42,49.5,0,0,0,1,0,0,1,0,0,0,3,0,0,0,30,0,,0.675,0.675,0.109,0,0,-0.4
33,1985-03-27,Roseau,MN,USA,USA,77,260,R,2003,8,245,,30,Dustin,Byfuglien,WPG,WPG,D,80, , ,81,19,34,20,53,4,247,108,143,7.70%,3.80%,122487,25.2,2224,27.5,55.1,177,5.2,0,0,0.00%,,,,0,,0,72,222,105,108,92,73,2.1,6.5,3.1,3.2,2.7,2.1,119,47,1,2,0,0,447,-18.8,,, ,,1,0,6,0,2,0,8,5,0,1,3,0,0,0%,5.6,4.1,9.7,0.12,0.29,6,55.1,45.1,10.3,9.3,4.9,0,14.2,0.18,0.42,47.3,1,3,15,89,15,4,105,35,1,5,82,3,5,5,186,1,Undisclosed,6,5.2,5.2,63,0,4.3
41,1989-04-27,Ottawa,ON,CAN,CAN,68,158,L,2007,6,179,,26,Paul,Byron,MTL,MTL,LW/C,62, , ,62,11,7,6,18,-9,50,17,23,22.00%,12.20%,51182,13.8,1369,22.1,37.4,83,5.8,3,2,60.00%,,,4,2,1,1,44,112,25,17,15,23,3.1,7.9,1.8,1.2,1.1,1.6,11,3,1,0,0,0,149,9.8,2,1,50%,1,3,1,2,0,1,1,0,0,2,0,7,0,0,0%,0.8,0.6,1.4,0.02,0.1,6,14.6,19,-9.4,1.5,2.1,0.2,3.8,0.06,0.27,23.6,1,1,0,15,6,1,5,2,3,1,33,0,2,4,186,8,Lower body,0.9,0.9,0.9,88,0,3.1
24,1985-03-21,Rochester,NY,USA,USA,70,186,R,2004,4,127,,30,Ryan,Callahan,TBL,TBL,RW,72, , ,73,10,18,11,28,-5,156,73,55,6.40%,3.50%,75502,17.2,1569,21.5,48.1,117,5.6,21,15,58.30%,,,30,18,6,3,90,164,71,73,23,34,4.3,7.8,3.4,3.5,1.1,1.6,45,14,3,0,0,0,283,10.2,3,2,67%,1,1,0,1,1,1,0,3,0,1,0,5,0,0,0%,0.9,1.2,2.1,0.03,0.1,8,24.8,24.9,-10.3,0.9,2.3,0.7,3.9,0.05,0.19,30.4,1,2,14,56,17,0,22,13,16,5,83,2,5,3,186,9,Lower body,6.4,5.8,5.8,637,0,-7.3
11,1989-12-24,Brandon,MB,CAN,CAN,71,192,L,2008,5,127,,26,Matt,Calvert,CBJ,CBJ,LW,72, , ,73,11,13,8,24,1,114,35,43,9.60%,5.70%,66261,15.1,1481,20.3,44.7,103,5.6,7,7,50.00%,,,10,4,4,3,96,91,46,35,10,36,5.2,4.9,2.5,1.9,0.5,2,51,18,3,0,0,0,191,2.1,,, ,,3,0,1,1,3,1,1,1,1,0,4,0,0,0%,0.9,1.2,2.1,0.03,0.11,6,18.4,24.6,3.7,2.2,3.6,0,5.8,0.08,0.32,25.7,0,4,5,26,18,3,9,33,8,3,40,1,2,0,186,9,Knee,1.5,2.2,2.2,241,0,2.3
13,1982-06-08,Toronto,ON,CAN,CAN,69,185,L,2001,2,49,,33,Michael,Cammalleri,NJD,NJD,LW/C,0, , ,42,14,24,18,38,15,101,29,23,13.90%,9.20%,48583,19.3,987,23.5,49.2,142,10.5,7,7,50.00%,,,9,4,5,3,24,15,13,29,24,19,1.8,1.1,1,2.1,1.8,1.4,18,9,0,0,0,0,46,-3.5,6,2,33%,1,3,0,1,0,2,0,2,4,0,0,6,0,0,0%,3.7,1.9,5.6,0.13,0.41,5,3.5,3.3,5.3,14.6,1,0,15.6,0.37,1.16,28.6,0,5,1,23,11,0,20,39,4,1,27,3,6,0,186,40,Upper body,5,5,5,2439,0,6.1
48,1988-02-04,Caledonia,ON,CAN,CAN,76,206,L,2008,3,74,,28,Andrew,Campbell,TOR,TOR,D,6, , ,6,0,1,0,1,0,1,2,0,0.00%,0.00%,4170,11.6,121,20.2,34.5,0,0,0,0,0.00%,,,,0,,0,11,5,10,2,1,1,9.5,4.3,8.6,1.7,0.9,0.9,2,1,0,0,0,0,17,0.3,,, ,,0,0,0,0,0,0,0,0,0,0,0,0,0,0%,0,0.2,0.2,0.03,0.17,5,1.1,1.2,0.3,0.1,0.1,0,0.2,0.03,0.17,89,0,0,0,2,0,0,0,0,0,0,1,0,0,0,10,0,,0.575,0.575,0.031,0,0,0.2
51,1979-05-23,Strathroy,ON,CAN,CAN,70,192,L,1997,6,156,,36,Brian,Campbell,FLA,FLA,D,82, , ,82,6,25,12,31,31,99,44,56,6.10%,3.00%,109607,22.3,2052,25,53.4,106,3.5,0,0,0.00%,,,,0,,0,153,27,80,44,54,23,5,0.9,2.6,1.4,1.8,0.8,26,13,0,0,0,0,133,5.3,,, ,,0,1,1,1,0,0,2,2,0,0,2,0,0,0%,1.9,5.8,7.8,0.1,0.26,4,39.9,36,19.8,2.8,6.5,0,9.3,0.11,0.31,46.8,0,4,2,38,6,0,41,10,1,0,41,0,2,2,186,0,,7.143,7.143,7.14,0,0,-4.7
9,1983-12-17,London,ON,CAN,CAN,72,197,L,2002,3,67,,32,Gregory,Campbell,CBJ,CBJ,C/LW,81, , ,82,3,8,3,11,-6,58,26,31,5.20%,2.60%,51986,10.6,1256,15.3,41.4,33,2.3,229,253,47.50%,2,1,322,148,160,81,65,100,56,26,11,14,4.5,6.9,3.9,1.8,0.8,1,78,14,8,1,0,0,242,-6.5,,, ,,2,0,2,0,0,0,0,1,0,0,2,0,0,0%,-0.8,0.7,-0.2,0,-0.01,4,13,18.7,-4.9,-1.4,2.3,0,0.9,0.01,0.06,30,0,0,2,24,6,5,5,14,5,1,22,0,1,0,186,0,,1.7,1.5,1.5,0,0,-1.1
28,1988-09-24,Boston,MA,USA,USA,72,190,L,2007,5,135,,27,Paul,Carey,WSH,WSH,C/LW,4, , ,4,1,0,0,1,0,5,0,0,20.00%,20.00%,2393,10,49,12.3,48.8,0,0,0,0,0.00%,,,,0,,0,1,6,1,0,0,0,1.5,9,1.5,0,0,0,0,0,0,0,0,0,7,0.9,,, ,,0,0,0,0,0,0,0,0,0,0,1,0,0,0%,0.1,0,0.2,0.05,0.3,2,0.6,0.6,-0.2,0.2,0,0,0.3,0.08,0.45,35.4,0,0,0,0,1,0,0,3,0,0,1,0,0,0,7,0,,0.575,0.575,0.022,0,0,0.3
25,1984-09-25,Anchorage,AK,USA,USA,72,197,L,2003,2,47,,31,Matthew,Carle,TBL,TBL,D,63, , ,64,2,7,3,9,4,54,22,36,3.70%,1.80%,64434,16.8,1393,21.8,46.3,26,1.5,0,0,0.00%,,,,0,,0,72,30,91,22,28,9,4,1.7,5.1,1.2,1.6,0.5,26,13,0,0,0,0,147,-8.8,,, ,,0,0,1,0,0,0,0,0,0,0,2,0,0,0%,-0.1,2.7,2.6,0.04,0.15,2,16.7,22,-3.4,-0.3,2.8,0,2.5,0.04,0.14,53.4,0,0,2,20,1,0,14,5,0,0,34,1,0,0,186,3,"Undisclosed, Flu",5.5,5.5,5.5,201,0,-8
74,1990-01-10,Natick,MA,USA,USA,75,215,R,2008,1,27,,26,John,Carlson,WSH,WSH,D,56, , ,56,8,31,17,39,16,124,58,75,6.50%,3.10%,79637,23.7,1591,28.4,50.1,164,7.4,0,0,0.00%,,,,0,,0,58,46,114,58,47,24,2.6,2.1,5.2,2.6,2.1,1.1,14,7,0,0,0,0,174,7.2,,, ,,1,1,4,0,1,0,5,0,0,0,2,0,0,0%,3.6,4.1,7.7,0.14,0.35,8,31.5,26.6,8.6,7.7,4,0,11.8,0.21,0.53,50.5,2,2,10,44,2,0,58,15,0,0,49,2,1,5,186,25,Lower body,4,3.967,3.967,1209,0,4.5
33,1990-11-02,Sayabec,QC,CAN,CAN,75,204,L,2009,1,25,,25,Jordan,Caron,STL,STL,RW/LW,4, , ,4,0,0,0,0,-3,1,0,1,0.00%,0.00%,1950,8.1,51,12.8,38.2,0,0,0,0,0.00%,,,,0,,0,5,6,0,0,0,0,9.2,11.1,0,0,0,0,0,0,0,0,0,0,6,-0.1,,, ,,0,0,0,0,0,0,0,0,0,0,0,0,0,0%,-0.1,-0.1,-0.2,-0.05,-0.37,1,0.9,0.8,-3.1,-0.4,-0.2,0,-0.6,-0.15,-1.11,13,0,0,0,0,0,0,0,0,1,0,0,0,0,0,9,0,,0.6,0.6,0.029,0,0,-0.6
40,1991-01-18,Oviedo,FL,USA,USA,73,180,R,,,,Y,25,Ryan,Carpenter,SJS,SJS,C/RW,1, , ,1,0,0,0,0,0,0,0,0,0.00%,0.00%,447,7.5,13,13,34.4,0,0,0,2,0.00%,,,2,0,,0,2,1,0,0,0,0,16.1,8.1,0,0,0,0,0,0,0,0,0,0,1,0,,, ,,0,0,0,0,0,0,0,0,0,0,0,0,0,0%,0,0,0,0,0,2,0.1,0.1,0,0,0,0,0,0,0,0,0,0,0,0,0,0,0,0,0,0,0,0,0,0,1,0,,0.925,0.925,0.005,0,0,0
43,1991-11-01,Sherwood Park,AB,CAN,CAN,72,191,L,,,,Y,24,Daniel,Carr,MTL,MTL,LW,23, , ,23,6,3,0,9,0,39,22,15,15.40%,7.90%,16661,12.1,417,18.1,40,0,0,0,0,0.00%,,,,0,,0,38,25,5,22,4,7,8.2,5.4,1.1,4.8,0.9,1.5,8,4,0,0,0,0,38,-0.3,,, ,,1,0,1,0,1,0,0,0,1,1,3,0,0,0%,0.9,0.3,1.2,0.05,0.26,2,5.7,5,1.2,1.6,0.5,0,2,0.09,0.43,24,1,0,2,19,13,0,3,3,2,5,13,0,0,0,127,29,Lower body,0.892,0.843,0.632,309,0.033,1.5
8,1994-04-13,Orland Park,IL,USA,USA,71,193,R,2012,5,137,,21,Connor,Carrick,TOR,"WSH, TOR",D,3,16, ,19,2,2,1,4,-5,21,16,22,9.50%,3.40%,17708,15.5,404,21.3,43.8,8,1.6,0,0,0.00%,,,,0,,0,35,38,19,16,17,6,7.1,7.7,3.9,3.3,3.5,1.2,15,5,1,0,0,0,73,-2.7,,, ,,1,0,1,0,0,0,2,0,0,0,0,0,0,0%,0.3,0.3,0.5,0.03,0.1,2,5.2,5.1,-4,0.5,-0.3,0,0.2,0.01,0.04,46.5,0,0,3,13,3,0,8,2,0,0,8,0,0,2,45,0,,0.655,0.637,0.19,0,0.29,0.1
53,1992-02-04,Markham,ON,CAN,CAN,72,188,R,2010,5,144,Y,24,Sam,Carrick,TOR,TOR,C,3, , ,3,0,0,0,0,-2,4,0,0,0.00%,0.00%,2064,11.5,56,18.7,36.9,0,0,1,0,100.00%,,,1,1,,0,7,4,0,0,0,0,12.2,7,0,0,0,0,4,2,0,0,0,0,8,-2.1,,, ,,0,0,0,0,0,0,0,0,0,0,0,0,0,0%,-0.1,0,-0.1,-0.03,-0.17,1,0.6,0.5,-1.8,-0.3,-0.1,0,-0.4,-0.13,-0.7,41.5,0,0,0,0,0,0,0,2,0,0,2,0,0,0,4,0,,0.6,0.6,0.013,0,0,-0.4
46,1994-07-04,Stouffville,ON,CAN,CAN,74,186,L,2012,4,115,Y,21,Trevor,Carrick,CAR,CAR,D,2, , ,2,0,0,0,0,-1,3,1,2,0.00%,0.00%,1999,16.7,44,22,45.4,0,0,0,0,0.00%,,,,0,,0,1,1,2,1,1,4,1.8,1.8,3.6,1.8,1.8,7.2,0,0,0,0,0,0,3,0.1,,, ,,0,0,0,0,0,0,0,0,0,0,0,0,0,0%,0,0,0,0,0,2,0.7,0.8,-0.8,-0.2,0,0,-0.2,-0.1,-0.36,61.7,0,0,0,1,0,0,3,0,0,0,0,0,0,0,3,0,,0.7,0.675,0.012,0,0.05,-0.2
77,1985-01-01,London,ON,CAN,CAN,76,215,R,2003,1,11,,31,Jeff,Carter,LAK,LAK,C/RW,76, , ,77,24,38,20,62,18,242,108,97,9.90%,5.40%,84954,18.4,1786,23.2,47.6,226,9.6,598,630,48.70%,24,11,836,412,392,186,72,89,39,108,41,26,3.1,3.8,1.7,4.6,1.7,1.1,20,10,0,0,0,0,148,6.2,4,0,0%,0,3,3,6,2,1,0,0,2,3,0,18,0,0,0%,5.7,2.3,8,0.1,0.34,6,35.5,32.7,6.8,10,4.5,-0.6,13.8,0.18,0.58,29.2,0,3,7,98,19,4,12,47,16,3,141,6,3,3,186,5,Upper body,7,5.273,5.273,322,0,3.8
18,1983-08-03,White Bear Lake,MN,USA,USA,73,202,L,,,,,32,Ryan,Carter,MIN,MIN,LW/C,59, , ,60,7,5,4,12,-3,62,15,19,11.30%,7.30%,40107,11.1,969,16.2,41.4,59,5.3,21,18,53.80%,,,22,12,17,9,64,87,37,15,7,17,5.7,7.8,3.3,1.3,0.6,1.5,48,19,2,0,0,0,174,1.2,,, ,,2,0,0,0,1,1,1,0,0,0,4,0,0,0%,0.3,0.7,1,0.02,0.09,4,10.1,14.6,-5.9,0.9,1.5,0,2.5,0.04,0.22,33.4,0,0,0,15,11,1,2,7,1,1,39,0,1,2,186,19,"Upper body, Hand, Lower body",0.625,0.625,0.625,145,0,2.3
43,1993-03-09,Richmond Hill,ON,CAN,CAN,69,191,L,2011,3,77,Y,22,Daniel,Catenacci,BUF,BUF,C/LW,11, , ,11,0,0,0,0,-2,7,1,0,0.00%,0.00%,5768,8.7,130,11.8,44.4,0,0,2,0,100.00%,,,,0,2,2,6,22,2,1,0,2,3.7,13.7,1.2,0.6,0,1.2,0,0,0,0,0,0,24,1.8,,, ,,0,0,0,0,0,0,0,0,0,0,0,0,0,0%,-0.3,0,-0.2,-0.02,-0.12,2,1.5,1.4,-1.7,-0.7,0,0,-0.7,-0.06,-0.44,47.6,1,0,0,0,1,0,0,1,1,0,4,0,0,0,30,3,Head,0.575,0.612,0.13,30,0.195,-0.8
5,1993-12-21,Ottawa,ON,CAN,CAN,75,205,R,2012,1,15,,22,Cody,Ceci,OTT,OTT,D,74, , ,75,10,16,8,26,9,116,44,72,8.60%,4.30%,86851,19.3,1831,24.4,47.4,82,3.4,0,0,0.00%,,,,0,,0,111,70,130,44,41,15,4.6,2.9,5.4,1.8,1.7,0.6,18,9,0,0,0,0,218,2.2,1,0,0%,0,1,0,2,0,1,0,2,0,0,0,7,0,0,0%,2.4,2.8,5.2,0.07,0.22,6,22.8,29.7,0.6,6,1.6,-0.2,7.4,0.1,0.31,48.3,0,2,9,33,3,0,37,11,0,0,65,0,2,0,186,7,"Upper body, Lower body",0.833,0.894,1.369,117,0.475,5.7
39,1992-04-09,Ile Bizard,QC,CAN,CAN,74,204,L,2010,3,89,,23,Michael,Chaput,CBJ,CBJ,C/LW,8, , ,8,1,1,0,2,3,10,0,2,10.00%,8.30%,4319,9,104,13,41.5,0,0,49,26,65.30%,,,41,26,34,23,8,13,3,0,3,0,6.7,10.8,2.5,0,2.5,0,5,0,1,0,0,0,22,0.9,,, ,,0,0,0,0,0,0,0,1,0,0,0,0,0,0%,0.1,0.2,0.3,0.04,0.25,3,1.4,1.3,3.3,0.3,0.4,0,0.7,0.09,0.58,20.8,0,0,0,0,0,0,0,8,0,0,2,0,0,0,22,0,,0.65,0.65,0.077,0,0,0.7
33,1977-03-18,Trencin,,SVK,SVK,81,250,L,1996,3,56,,38,Zdeno,Chara,BOS,BOS,D,80, , ,80,9,28,15,37,12,158,59,95,5.70%,2.90%,115665,24.1,2340,29.3,49.4,146,4.5,0,1,0.00%,,,,0,1,0,118,134,123,59,87,23,3.7,4.2,3.8,1.8,2.7,0.7,71,32,1,0,0,0,329,-4.2,,, ,,2,0,3,1,1,0,1,1,1,0,5,0,0,0%,2.8,4.5,7.3,0.09,0.23,5,36.2,45.2,6.7,6.1,6.3,0,12.4,0.16,0.39,52.3,0,2,8,49,5,1,61,22,1,1,67,1,1,2,186,2,Undisclosed,7,6.917,6.917,169,0,-1.1
7,1991-05-09,Hamilton,ON,CAN,CAN,75,219,L,2009,4,120,,24,Ben,Chiarot,WPG,WPG,D,69, , ,70,1,9,2,10,-9,74,40,52,1.40%,0.60%,60723,14.5,1259,18,48.2,28,1.7,0,0,0.00%,,,,0,,0,161,130,105,40,34,15,9.5,7.7,6.2,2.4,2,0.9,43,14,1,1,0,0,279,2.3,,, ,,0,0,0,0,0,0,0,0,0,0,1,0,0,0%,0,1.1,1.1,0.02,0.07,4,17.1,20.8,-6.8,-0.3,1.1,0,0.8,0.01,0.05,55.1,0,1,6,33,3,1,27,7,0,0,37,0,0,0,186,3,Undisclosed,0.85,0.85,0.85,31,0,0.2
90,1990-10-01,Montreal,QC,CAN,CAN,75,208,R,2009,2,38,,25,Alex,Chiasson,OTT,OTT,RW,76, , ,77,8,6,5,14,2,88,33,21,9.10%,5.60%,63005,13.6,1559,20.2,40.4,63,3.6,3,2,60.00%,,,3,2,2,1,136,103,28,33,16,26,7.8,5.9,1.6,1.9,0.9,1.5,45,15,3,0,0,0,179,-11,1,0,0%,0,1,0,1,0,1,0,1,0,1,0,5,0,0,0%,-0.4,1,0.6,0.01,0.03,2,19.3,20,-1.2,-2,1.2,-0.2,-1.1,-0.01,-0.06,29.3,1,1,1,30,8,1,5,6,9,0,59,1,0,0,186,0,,1.2,1.2,1.2,0,0,-2.5
25,1979-05-02,Edmonton,AB,CAN,CAN,75,216,L,1997,5,121,,36,Jason,Chimera,WSH,WSH,LW,82, , ,82,20,20,14,40,0,165,39,49,12.10%,7.90%,69129,14.1,1614,19.7,42.8,141,7.3,8,20,28.60%,,,16,5,12,3,79,103,13,39,32,15,4.1,5.4,0.7,2,1.7,0.8,22,11,0,0,0,0,138,-1.6,,, ,,5,0,3,2,1,3,0,2,5,0,9,0,0,0%,3.5,1.2,4.7,0.06,0.24,3,23.9,23.4,-6.9,6.9,2.2,0,9.1,0.11,0.47,28.7,0,5,1,33,17,5,17,24,16,1,85,4,2,2,186,0,,2,2,2,0,0,6
24,1986-02-19,Westlock,AB,CAN,CAN,74,203,L,2004,1,18,,29,Kyle,Chipchura,ARI,ARI,C,69, , ,70,4,8,6,12,-10,47,17,23,8.50%,4.60%,42985,10.2,1030,14.7,41.7,90,7.5,88,80,52.40%,2,1,111,58,57,30,87,73,13,17,16,25,7.3,6.1,1.1,1.4,1.3,2.1,38,9,4,0,0,0,128,-3.5,,, ,,0,0,1,0,0,0,0,1,0,0,3,0,0,0%,-0.2,0.4,0.2,0,0.02,2,13.8,15.9,-9.1,-1.2,0.8,0,-0.4,-0.01,-0.03,27.2,0,0,1,16,5,0,1,5,2,0,34,1,0,0,186,0,,0.95,0.875,0.875,0,0,-1.1
4,1987-04-27,Thunder Bay,ON,CAN,USA,73,190,L,2005,2,36,,28,Taylor,Chorney,WSH,WSH,D,55, , ,55,1,5,3,6,8,28,18,32,3.60%,1.30%,43530,13.2,1008,18.3,43.2,27,2.2,0,0,0.00%,,,,0,,0,79,56,58,18,27,8,6.5,4.6,4.8,1.5,2.2,0.7,21,8,1,0,0,0,136,-4.1,,, ,,1,0,0,0,0,0,0,0,0,0,1,0,0,0%,-0.1,2.2,2,0.04,0.17,0,13.8,16.4,2.8,-0.9,2.4,0,1.5,0.03,0.12,49,0,0,0,18,0,0,10,4,0,0,14,0,0,2,186,0,,0.7,0.7,0.7,0,0,1.2
53,1991-02-27,Toronto,ON,CAN,CAN,71,201,L,2009,4,92,,24,Casey,Cizikas,NYI,NYI,C,79, , ,80,8,21,12,29,4,84,34,32,9.50%,5.30%,60873,12.7,1573,19.7,38.7,95,5.6,469,490,48.90%,7,4,645,314,314,155,86,158,62,34,23,58,5.1,9.3,3.7,2,1.4,3.4,31,13,1,0,0,0,252,-1.9,,, ,,2,0,4,0,0,1,0,0,2,0,5,0,0,0%,1.5,1.3,2.8,0.04,0.17,5,19.6,26.8,-1.5,3.3,4.7,0,8,0.1,0.47,26.1,0,2,6,26,5,1,5,9,6,5,53,1,2,3,186,1,Undisclosed,1.2,1,1,12,0,7
49,1992-11-24,Stockholm,,SWE,SWE,73,205,L,2011,5,126,Y,23,Fredrik,Claesson,OTT,OTT,D,16, , ,16,0,2,0,2,-6,15,6,14,0.00%,0.00%,18518,19.3,364,22.8,50.9,0,0,0,0,0.00%,,,,0,,0,25,33,30,6,14,9,4.9,6.4,5.8,1.2,2.7,1.7,2,1,0,0,0,0,65,0.3,,, ,,0,0,0,0,0,0,0,0,0,0,0,0,0,0%,-0.2,-0.1,-0.2,-0.01,-0.04,6,4.5,5.2,-6.1,-0.3,-0.5,0,-0.8,-0.05,-0.16,58.4,0,0,0,6,0,0,4,3,0,0,8,0,0,0,40,0,,0.6,0.6,0.129,0,0,-0.8
23,1984-03-31,Toronto,ON,CAN,CAN,72,207,R,,,,,31,David,Clarkson,CBJ,CBJ,RW,23, , ,23,2,2,1,4,-8,24,4,5,8.30%,6.10%,12720,9.2,302,13.1,42.1,19,5.4,2,10,16.70%,,,9,0,3,2,23,45,6,4,2,5,6.5,12.7,1.7,1.1,0.6,1.4,23,4,1,1,0,0,75,2.6,,, ,,0,0,1,0,0,0,0,1,0,0,1,0,0,0%,0.1,-0.1,0,0,0,2,4.2,4.1,-7.2,-0.1,-0.4,0,-0.5,-0.02,-0.14,19.2,0,0,0,4,4,0,1,10,3,1,5,0,0,0,186,55,"Undisclosed, Upper body, Back, Lower body",5.5,5.25,5.25,3521,0,-10.5
27,1992-10-26,Niagara Falls,NY,USA,USA,72,190,R,2011,2,36,Y,23,Adam,Clendening,EDM,"PIT, EDM",D,9,20, ,29,1,6,1,7,6,43,17,23,2.30%,1.20%,25745,14.8,574,19.8,44.9,11,1.5,0,0,0.00%,,,,0,,0,57,19,34,17,19,5,8,2.7,4.8,2.4,2.7,0.7,20,10,0,0,0,0,73,-4,,, ,,0,0,0,0,0,0,0,0,0,0,1,0,0,0%,0.4,1.5,1.8,0.06,0.25,1,7.2,7.9,7.3,0.9,1.6,0,2.5,0.09,0.35,52.2,0,0,0,17,0,0,8,9,0,0,26,0,0,1,91,0,,0.761,0.761,0.372,0,0,2.3
13,1991-01-13,Ayr,ON,CAN,CAN,74,206,L,2009,2,35,,25,Kyle,Clifford,LAK,LAK,LW,56, , ,56,3,6,3,9,-1,68,25,24,4.40%,2.60%,31415,9.3,760,13.6,41.3,53,6.1,3,4,42.90%,,,6,3,1,0,105,111,11,25,6,5,12,12.7,1.3,2.9,0.7,0.6,55,10,7,0,0,0,184,-3,,, ,,0,0,0,0,0,1,0,0,0,0,2,0,0,0%,-0.1,0.5,0.4,0.01,0.05,1,9.6,9,-4.3,-0.7,0.8,0,0.1,0,0.01,33.8,0,0,2,23,7,1,5,11,5,1,38,0,0,0,186,24,Upper body,1.35,1.6,1.6,468,0,-2.1
25,1987-04-25,Toronto,ON,CAN,CAN,70,207,L,2005,3,71,,28,Rich,Clune,TOR,TOR,LW,18, , ,19,0,4,4,4,1,10,2,5,0.00%,0.00%,9227,8.1,256,13.5,36,53,20.7,0,0,0.00%,,,,0,,0,26,58,5,2,1,2,10.1,22.6,2,0.8,0.4,0.8,22,6,2,0,0,0,87,2.7,,, ,,0,0,0,0,0,0,0,0,0,0,0,0,0,0%,0,0.2,0.2,0.01,0.08,4,2.9,3.1,1.7,0.1,0.5,0,0.6,0.03,0.23,28.1,0,0,1,1,4,0,0,1,1,0,4,0,0,0,243,0,,0.575,0.575,0.459,0,0,1.2
15,1987-11-18,Welland,ON,CAN,CAN,71,218,R,2006,3,72,,28,Cal,Clutterbuck,NYI,NYI,RW,76, , ,77,15,8,4,23,7,80,29,42,18.80%,9.90%,55052,11.9,1473,19.1,37.4,44,2.9,1,2,33.30%,,,1,1,2,0,111,288,34,29,20,21,7.3,18.8,2.2,1.9,1.3,1.4,22,11,0,0,0,0,344,4.4,3,1,33%,1,0,1,5,0,2,0,1,2,1,0,9,0,0,0%,1.8,1.3,3.1,0.04,0.2,6,17.3,21.3,5,3.1,3.8,0,6.9,0.09,0.45,33.5,0,2,5,22,5,0,5,13,4,1,52,3,3,2,186,5,"Undisclosed, Illness, Upper body",3,2.75,2.75,168,0,2.2
55,1985-02-27,Shaunavon,SK,CAN,CAN,77,226,L,2003,1,8,,30,Braydon,Coburn,TBL,TBL,D,79, , ,80,1,9,4,10,12,92,44,55,1.10%,0.50%,80411,16.8,1725,21.6,46.6,40,1.8,0,0,0.00%,,,,0,,0,120,111,88,44,31,17,5.4,5,3.9,2,1.4,0.8,53,14,3,1,0,0,255,-1.2,,, ,,1,0,0,0,0,0,0,0,0,0,1,0,0,0%,-0.4,4,3.6,0.05,0.16,2,22.1,31.2,5.2,-1.3,5.7,0,4.4,0.06,0.2,54.4,0,2,8,34,8,0,34,14,0,0,36,0,0,0,186,2,Lower body,4,4.5,4.5,110,0,-4
7,1987-06-14,Toronto,ON,CAN,CAN,70,184,L,2005,1,25,,28,Andrew,Cogliano,ANA,ANA,LW/C,82, , ,82,9,23,12,32,2,131,50,50,6.90%,3.90%,71004,14.4,1818,22.2,39.1,163,8.3,6,11,35.30%,,,10,5,7,1,64,124,27,50,34,26,3.2,6.3,1.4,2.5,1.7,1.3,28,13,0,0,0,0,179,-6.9,,, ,,3,0,3,2,1,0,0,2,2,0,4,0,0,0%,1.3,1.7,3,0.04,0.15,6,23.9,27.3,-0.6,2.1,4.3,0,6.3,0.08,0.32,30,0,2,1,47,19,0,8,16,10,0,78,0,0,3,186,0,,2.9,3,3,0,0,1.1
25,1983-01-27,Toronto,ON,CAN,CAN,73,202,L,2001,1,17,,33,Carlo,Colaiacovo,BUF,BUF,D,36, , ,36,1,4,2,5,-11,29,14,16,3.40%,1.70%,31261,14.5,766,21.3,40.8,16,1.8,0,0,0.00%,,,,0,,0,32,36,41,14,11,3,3.7,4.1,4.7,1.6,1.3,0.3,10,5,0,0,0,0,87,1.3,,, ,,1,0,0,0,0,0,1,0,0,0,0,0,0,0%,0,0.4,0.4,0.01,0.05,1,10.7,11.9,-8.1,-0.5,0,0,-0.5,-0.01,-0.06,51.8,0,0,1,13,0,0,13,5,0,0,11,0,0,0,186,3,"Lower body, Upper body",0.9,0.9,0.9,33,0,-1.2
8,1990-01-30,Calgary,AB,CAN,CAN,77,221,L,2008,1,16,,26,Joe,Colborne,CGY,CGY,C,72, , ,73,19,25,15,44,-9,100,29,34,19.00%,11.70%,66425,15.2,1570,21.5,42.3,144,7.8,85,70,54.80%,,,105,60,50,25,97,122,28,29,32,27,5.3,6.6,1.5,1.6,1.7,1.5,27,11,1,0,0,0,178,-5,4,3,75%,0,6,0,2,1,1,1,0,2,7,0,8,0,0,0%,3.9,0.7,4.6,0.06,0.25,7,27.8,25.7,-1.3,5.7,2.1,1.2,8.9,0.12,0.48,21.7,0,3,2,24,19,3,3,8,17,2,48,1,2,3,186,6,"Undisclosed, Thumb",1.275,1.275,1.275,93,0,7.4
28,1989-02-21,Ann Arbor,MI,USA,USA,73,219,L,2007,1,18,,26,Ian,Cole,PIT,PIT,D,70, , ,70,0,12,4,12,-3,72,33,40,0.00%,0.00%,72404,17.2,1639,23.4,44.2,49,2.4,0,0,0.00%,,,,0,,0,179,122,122,33,32,8,8.9,6.1,6.1,1.6,1.6,0.4,59,27,1,0,0,0,304,-7.6,,, ,,0,0,0,0,0,0,0,0,0,0,0,0,0,0%,-0.2,2,1.8,0.03,0.09,3,19.2,25.1,-10.6,-0.3,1.7,0,1.4,0.02,0.07,51.4,0,2,3,28,4,0,30,6,0,0,32,0,1,1,186,0,,1.5,2.1,2.1,0,0,-1.9
53,1988-12-29,Saskatoon,SK,CAN,CAN,73,198,L,2008,7,187,,27,Sean,Collins,WSH,WSH,C/LW,2, , ,2,0,0,0,0,-1,0,1,0,0.00%,0.00%,1023,8.5,24,12,42.6,0,0,0,0,0.00%,,,,0,,0,0,0,2,1,0,0,0,0,7,3.5,0,0,2,1,0,0,0,0,4,1,,, ,,0,0,0,0,0,0,0,0,0,0,0,0,0,0%,0,0,-0.1,-0.05,-0.35,3,0.3,0.3,-1.1,-0.1,-0.1,0,-0.2,-0.1,-0.7,0,0,0,0,1,0,0,0,0,0,0,0,0,0,0,8,0,,0.575,0.575,0.025,0,0,-0.2
14,1986-02-18,Meadow Lake,SK,CAN,CAN,73,202,R,2004,2,47,,29,Blake,Comeau,COL,COL,LW/RW,81, , ,81,12,24,11,36,-9,142,40,69,8.50%,4.80%,85668,17.6,1846,22.8,46.4,151,6.3,276,290,48.80%,2,1,407,192,159,84,88,173,35,40,25,31,3.7,7.3,1.5,1.7,1.1,1.3,58,24,0,1,0,0,266,-5.5,1,1,100%,1,5,0,3,2,1,0,1,1,2,1,6,0,0,0%,1.3,1.3,2.6,0.03,0.11,6,26.4,27.9,-3.9,2.7,2.1,0.5,5.3,0.07,0.22,35.5,0,2,2,36,14,2,31,21,5,1,68,0,3,4,186,0,,2.4,2.4,2.4,0,0,1.4
22,1986-08-06,Trenton,MI,USA,USA,71,183,R,2006,7,211,,29,Erik,Condra,TBL,TBL,RW/LW,53, , ,54,6,5,3,11,-4,58,18,20,10.30%,6.30%,34690,10.7,802,14.9,43.3,38,3.9,1,2,33.30%,,,2,0,1,1,86,20,16,18,12,15,8.9,2.1,1.7,1.9,1.2,1.6,34,17,0,0,0,0,70,-7.4,,, ,,3,0,0,0,0,0,0,1,1,0,4,0,0,0%,0.3,0.5,0.8,0.01,0.08,1,12.1,16.4,-7.7,-0.3,2.2,0,2,0.04,0.21,34.8,1,1,4,12,4,0,5,2,3,0,44,1,0,0,186,6,Lower body,1,1.25,1.25,91,0,0.5
44,1990-02-23,Edmonton,AB,CAN,CAN,74,205,L,2009,3,83,,25,Kevin,Connauton,ARI,"CBJ, ARI",D,27,37, ,65,5,12,3,17,7,109,43,78,4.60%,2.20%,65278,16.7,1460,22.5,44.7,12,0.7,0,0,0.00%,,,,0,,0,86,100,58,43,13,15,4.7,5.5,3.2,2.4,0.7,0.8,60,20,2,1,0,0,220,0.7,,, ,,1,0,0,0,0,0,1,0,0,0,4,0,0,0%,1.1,2.8,3.9,0.06,0.22,3,19.9,20.5,10.7,2.2,2.9,0,5.2,0.08,0.29,52.2,0,1,3,39,5,0,34,19,0,0,51,0,0,1,186,0,,0.8,0.683,0.683,0,0,4.9
14,1992-05-02,Campbell River,BC,CAN,CAN,74,193,R,2010,1,6,,23,Brett,Connolly,BOS,BOS,RW,71, , ,71,9,16,10,25,-1,95,42,34,9.50%,5.30%,55214,13,1328,18.7,41.6,110,7.2,14,17,45.20%,,,22,10,9,4,78,137,36,42,20,11,5.1,8.9,2.3,2.7,1.3,0.7,20,10,0,0,0,0,193,-2.2,,, ,,1,0,2,2,0,1,0,2,0,1,5,0,0,0%,1.3,0.9,2.2,0.03,0.14,4,22.5,19.3,-0.6,0.3,1.2,0,1.4,0.02,0.09,30,0,4,5,33,4,2,1,17,5,1,65,0,1,0,186,5,Lower body,1.025,1.025,1.025,63,0,0.4
9,1994-07-08,Ann Arbor,MI,USA,USA,73,206,L,2013,4,104,Y,21,Andrew,Copp,WPG,WPG,C,76, , ,77,7,6,4,13,8,54,14,21,13.00%,7.90%,36975,8,928,12.1,39.8,47,4.6,224,262,46.10%,1,0,278,124,208,100,39,87,18,14,18,10,3.8,8.5,1.8,1.4,1.8,1,6,3,0,0,0,0,111,2.5,,, ,,0,0,0,0,1,2,0,1,0,0,3,0,0,0%,0.6,1,1.5,0.02,0.15,4,10.1,11.4,6.9,1.4,2.1,0,3.4,0.04,0.33,23.4,0,2,2,10,8,8,2,3,3,0,31,0,1,2,186,4,Upper body,0.925,0.925,0.925,50,0,2.6
28,1990-06-14,Moncton,NB,CAN,CAN,74,215,L,2008,2,54,,25,Patrice,Cormier,WPG,WPG,C/LW,2, , ,2,0,0,0,0,0,1,0,1,0.00%,0.00%,539,4.5,13,6.5,41.5,0,0,3,6,33.30%,,,4,1,5,2,0,1,0,0,0,0,0,6.7,0,0,0,0,0,0,0,0,0,0,1,0,,, ,,0,0,0,0,0,0,0,0,0,0,0,0,0,0%,0,0,0,0,0,1,0.1,0.1,0,0,0,0,0,0,0,8,0,0,0,0,0,0,0,0,0,0,1,0,0,0,14,0,,0.65,0.65,0.049,0,0,0
20,1993-03-26,Toronto,ON,CAN,CAN,72,195,R,2011,5,150,,22,Frank,Corrado,TOR,TOR,D,38, , ,39,1,5,2,6,-12,46,28,38,2.20%,0.90%,33822,14.5,833,21.4,40.6,39,4.2,0,0,0.00%,,,,0,,0,77,46,37,28,16,2,8.2,4.9,3.9,3,1.7,0.2,26,13,0,0,0,0,109,-3.6,,, ,,0,0,0,0,1,0,0,0,0,0,0,0,0,0%,0.1,0.3,0.4,0.01,0.04,0,11.5,12.1,-7.9,-0.5,-0.4,0,-0.8,-0.02,-0.09,46.6,0,0,1,27,3,0,11,7,0,0,25,0,0,0,186,0,,0.632,0.632,0.7,0,0,-1.1
52,1993-07-20,Belleville,ON,CAN,CAN,70,188,L,2011,3,68,Y,22,Nick,Cousins,PHI,PHI,C,35, , ,36,6,5,2,11,5,41,10,16,14.60%,9.00%,23179,10.7,529,14.7,43.8,27,4.2,109,128,46.00%,4,4,170,80,67,29,58,38,17,10,13,18,9,5.9,2.6,1.6,2,2.8,4,2,0,0,0,0,59,7.4,4,2,50%,1,1,0,1,0,0,0,2,1,1,0,2,0,0,0%,0.8,0.7,1.5,0.04,0.23,4,7,6.8,4.7,1.7,1.2,0.5,3.4,0.09,0.53,26.8,0,0,2,8,3,0,7,8,6,0,17,0,0,1,73,0,,0.8,0.812,0.351,0,0.033,3.1
39,1989-03-28,Guelph,ON,CAN,CAN,73,200,L,2007,1,9,,26,Logan,Couture,SJS,SJS,C,52, , ,52,15,21,10,36,2,137,54,66,10.90%,5.80%,54248,17.4,1198,23,45.3,87,5.8,271,305,47.00%,14,10,390,189,186,82,72,29,38,54,36,39,4.8,1.9,2.5,3.6,2.4,2.6,20,10,0,0,0,0,87,0.7,3,2,67%,1,2,0,4,1,1,0,1,3,1,0,9,0,0,0%,3.2,1.2,4.3,0.08,0.29,7,22.4,17.7,4.5,5.2,2.1,0.7,8,0.15,0.53,30.8,0,3,4,47,6,5,21,27,3,1,74,3,2,5,186,30,"Lower body, Leg",6,6,6,2195,0,-3.6
14,1992-12-07,Phoenix,AZ,USA,CAN,75,211,L,2011,1,8,,23,Sean,Couturier,PHI,PHI,C,62, , ,63,11,28,16,39,8,119,30,51,9.20%,5.50%,70311,18.6,1608,25.5,43.7,173,8.9,537,568,48.60%,33,13,729,351,376,186,107,31,30,30,29,27,5.5,1.6,1.5,1.5,1.5,1.4,30,15,0,0,0,0,91,3.2,1,0,0%,0,1,0,1,1,2,2,0,1,0,0,6,0,0,0%,2.3,1.7,4,0.06,0.2,7,24.6,25.3,8.1,4.4,3.4,-0.2,7.5,0.12,0.38,27.4,0,0,2,28,11,5,9,29,4,2,59,0,0,2,186,18,"Lower body, Upper body",2,1.75,1.75,384,0,4.9
29,1991-01-25,Saskatoon,SK,CAN,CAN,77,238,L,2009,1,9,,25,Jared,Cowen,OTT,OTT,D,37, , ,37,0,4,2,4,7,23,12,28,0.00%,0.00%,37694,17,804,21.7,46.9,21,2,0,0,0.00%,,,,0,,0,81,116,58,12,34,7,7.7,11.1,5.5,1.1,3.2,0.7,16,8,0,0,0,0,190,0.3,,, ,,0,0,0,0,0,0,0,0,0,0,0,0,0,0%,-0.3,1.5,1.2,0.03,0.11,5,10.9,15.9,2.7,-1.1,1.2,0,0.1,0,0.01,52.3,0,2,1,9,0,1,11,2,1,0,8,0,0,0,186,10,"Hip, Undisclosed",3.7,3.1,2.88,378,0,-4.9
3,1992-03-02,E. Weymouth,MA,USA,USA,75,218,R,2010,1,28,,23,Charlie,Coyle,MIN,MIN,C/RW,81, , ,82,21,21,11,42,1,140,47,46,15.00%,9.00%,85152,17.3,1763,21.5,48.3,109,4.6,228,274,45.40%,3,1,317,150,185,78,86,131,61,47,30,36,3.6,5.5,2.6,2,1.3,1.5,16,8,0,0,0,0,208,20.5,6,3,50%,1,5,0,4,3,6,1,3,3,3,0,5,0,0,0%,3.2,1.8,4.9,0.06,0.21,8,31.3,28.1,1.8,4.5,3.4,0.9,8.8,0.11,0.37,27.6,0,1,5,41,18,6,7,26,8,2,73,2,2,2,186,0,,1.9,3.2,3.2,0,0,3.2
22,1985-07-15,Prince Albert,SK,CAN,CAN,74,210,R,2004,9,279,,30,Adam,Cracknell,EDM,"VAN, EDM",RW/C,44,8, ,52,5,5,4,10,-1,68,24,28,7.40%,4.20%,38161,12.2,889,17.1,42.9,89,8.4,156,239,39.50%,3,0,228,91,167,65,61,124,25,24,14,23,5.8,11.7,2.4,2.3,1.3,2.2,20,10,0,0,0,0,169,-0.3,,, ,,3,0,1,0,2,0,0,0,0,0,3,0,0,0%,-0.1,0.8,0.7,0.01,0.07,3,8.7,10.9,1.2,0.5,1.5,0,2,0.04,0.19,30.1,1,3,1,19,10,5,3,9,0,0,41,0,0,0,186,0,,0.575,0.575,0.575,0,0,1.9
87,1987-08-07,Cole Harbour,NS,CAN,CAN,71,200,L,2005,1,1,,28,Sidney,Crosby,PIT,PIT,C,80, , ,80,36,49,28,85,19,248,94,104,14.50%,8.10%,98253,20.5,2114,26.4,46.5,277,10.1,986,921,51.70%,65,33,1187,607,720,380,117,90,35,94,47,40,4.3,3.3,1.3,3.4,1.7,1.5,42,21,0,0,0,0,167,3.3,8,2,25%,0,5,2,9,4,5,0,1,7,7,0,16,0,0,0%,9.1,2.4,11.5,0.14,0.42,6,42.3,33,11.1,17.2,3.1,-0.4,20,0.25,0.73,27.9,1,4,15,74,35,1,24,48,23,0,117,8,5,2,186,1,Lower body,12,8.7,8.7,106,0,2.7
56,1989-09-12,Hartford,CT,USA,USA,75,205,L,2007,2,35,,26,Tommy,Cross,BOS,BOS,D,3, , ,3,0,1,1,1,-1,0,0,3,0.00%,0.00%,2356,13.1,53,17.7,44.5,1,1.5,0,0,0.00%,,,,0,,0,3,3,1,0,0,0,4.6,4.6,1.5,0,0,0,0,0,0,0,0,0,4,1.1,,, ,,0,0,0,0,0,0,0,0,0,0,0,0,0,0%,0.1,0,0,0,0,3,1.1,1.6,-1.2,0.1,0,0,0.1,0.03,0.15,0,0,0,0,0,0,0,0,0,0,0,0,0,0,0,9,0,,0.6,0.6,0.029,0,0,0.1
7,1976-11-02,Virginia,MN,USA,USA,73,200,L,1996,2,35,,39,Matt,Cullen,PIT,PIT,C/LW,82, , ,82,16,16,11,32,5,118,30,35,13.60%,8.70%,68291,13.9,1757,21.4,38.9,113,6,582,462,55.70%,3,1,665,361,379,221,77,40,41,30,20,19,4.1,2.1,2.2,1.6,1.1,1,20,10,0,0,0,0,101,0.9,1,0,0%,0,2,0,4,0,1,1,1,2,2,0,9,0,0,0%,2.2,1.3,3.6,0.04,0.19,6,21,27.6,-5.5,4.7,4.1,-0.2,8.5,0.1,0.45,25.7,0,0,3,27,12,2,5,11,6,7,75,1,1,3,186,0,,0.8,0.8,0.8,0,0,8
22,1990-09-13,Trail,BC,CAN,CAN,70,184,R,2010,4,97,,25,Craig,Cunningham,ARI,ARI,LW/RW/C,10, , ,10,0,1,0,1,-1,13,3,2,0.00%,0.00%,6050,10.1,140,14,43.2,0,0,2,1,66.70%,,,3,2,,0,11,15,4,3,1,2,6.5,8.9,2.4,1.8,0.6,1.2,2,1,0,0,0,0,21,-0.2,,, ,,0,0,0,0,0,0,0,0,0,0,0,0,0,0%,-0.2,0.1,-0.1,-0.01,-0.06,3,1.6,1.5,-0.9,-0.3,0.1,0,-0.3,-0.03,-0.18,29.8,0,0,1,2,3,0,0,0,0,0,10,0,0,0,33,0,,0.7,0.7,0.106,0,0,-0.3
34,1991-07-06,Katrineholm,,SWE,SWE,75,207,L,2011,3,79,Y,24,Klas,Dahlbeck,ARI,ARI,D,70, , ,71,2,6,2,8,-5,64,28,45,3.10%,1.50%,67022,15.7,1651,23.3,40.6,38,2,0,0,0.00%,,,,0,,0,111,178,76,28,15,10,6,9.6,4.1,1.5,0.8,0.5,28,14,0,0,0,0,282,-9.2,,, ,,1,0,0,0,0,0,1,1,0,0,0,0,0,0%,-0.3,1.8,1.5,0.02,0.08,2,16.1,24.7,-4.6,-0.6,1.8,0,1.2,0.02,0.06,58.5,1,0,1,26,0,0,30,6,0,0,28,0,0,0,186,0,,0.605,0.605,0.605,0,0,1.1
6,1983-10-09,Toronto,ON,CAN,CAN,71,195,L,2002,2,43,,32,Trevor,Daley,PIT,"CHI, PIT",D,29,53, ,82,6,22,9,28,9,130,53,90,4.60%,2.20%,90731,18.4,2010,24.5,45.1,96,3.8,0,1,0.00%,,,1,0,,0,110,42,79,53,28,17,4.4,1.7,3.1,2.1,1.1,0.7,34,17,0,0,0,0,155,-2.6,,, ,,0,0,0,0,1,0,2,1,0,0,2,0,0,0%,1.9,3.7,5.6,0.07,0.22,2,32.3,29,2.1,3.3,2.5,0,5.8,0.07,0.23,43.5,1,1,4,47,8,0,43,22,1,1,55,0,1,1,186,2,Upper body,3.1,3.3,3.3,80,0,-0.1
27,1989-11-01,Paris,ON,CAN,CAN,74,200,R,2008,2,45,,26,Zac,Dalpe,MIN,MIN,C/RW,2, , ,2,1,0,0,1,0,3,0,0,33.30%,33.30%,1230,10.3,31,15.5,39.7,0,0,11,6,64.70%,,,12,8,5,3,0,3,0,0,0,0,0,8.8,0,0,0,0,0,0,0,0,0,0,3,0,,, ,,1,0,0,0,1,0,0,0,0,0,0,0,0,0%,0.2,0,0.2,0.1,0.59,2,0.5,0.5,0,0.3,0.1,0,0.4,0.2,1.17,33.3,0,0,0,0,1,0,0,1,0,0,1,0,1,0,6,0,,0.6,0.6,0.019,0,0,0.4
24,1993-02-24,Victoriaville,QC,CAN,CAN,72,201,L,2011,1,26,Y,22,Phillip,Danault,MTL,"CHI, MTL",LW/C,30,21, ,51,4,6,2,10,-5,72,26,25,5.60%,3.30%,39037,12.8,986,19.3,39.6,29,2.7,247,272,47.60%,2,1,327,160,192,87,92,45,28,26,11,18,8.5,4.1,2.6,2.4,1,1.7,14,7,0,0,0,0,87,-2.3,,, ,,0,0,1,1,1,0,0,0,0,0,3,0,0,0%,-0.3,0.5,0.3,0.01,0.03,2,9.6,11.6,-6,-0.2,1.1,0,0.9,0.02,0.08,27.5,0,1,1,24,10,1,7,7,3,1,43,1,0,0,168,0,,0.833,0.863,0.596,0,0.525,0.7
56,1994-11-30,Eisenstadt,,AUT,SVK,71,183,L,2013,1,27,,21,Marko,Dano,WPG,"CHI, WPG",C,13,21, ,34,5,5,1,10,-7,54,21,17,9.30%,5.40%,24993,12.3,566,16.6,44.2,18,2.6,2,4,33.30%,,,4,1,2,1,42,62,15,21,15,10,6,8.9,2.2,3,2.2,1.4,10,5,0,0,0,0,87,4.4,,, ,,3,0,0,0,0,2,0,1,1,0,1,0,0,0%,0.5,0.1,0.7,0.02,0.1,3,1.8,1.7,0,3.6,0.3,0,3.9,0.11,0.56,29.2,1,0,4,16,1,5,5,5,2,2,34,1,0,0,83,1,Flu,0.925,0.925,0.413,11,0,3.5
13,1978-07-20,Sverdlovsk,,RUS,RUS,71,194,L,1998,6,171,,37,Pavel,Datsyuk,DET,DET,C/LW,65, , ,66,16,33,16,49,7,181,68,74,8.80%,5.00%,77834,19.7,1582,24,49.2,159,7.4,599,517,53.70%,33,26,656,354,460,245,75,70,33,68,26,48,3.5,3.2,1.5,3.1,1.2,2.2,14,7,0,0,0,0,117,4.3,7,2,29%,0,1,1,1,1,2,0,1,2,1,0,10,0,0,0%,3.8,1.8,5.6,0.08,0.26,5,29.3,22.2,10.9,7.3,2.4,-0.2,9.5,0.14,0.44,28.9,1,5,8,54,30,4,9,39,6,0,93,3,2,4,186,16,"Illness, Ankle",7,7.5,7.5,1463,0,-5.3
76,1995-03-27,Repenigny,QC,CAN,CAN,72,180,L,2013,2,39,Y,20,Laurent,Dauphin,ARI,ARI,C,8, , ,8,1,0,0,1,0,7,3,6,14.30%,6.30%,5431,11.3,130,16.3,41.8,0,0,32,41,43.80%,,,55,27,18,5,6,6,7,3,0,3,4,4,4.6,2,0,2,4,2,0,0,0,0,17,-0.2,,, ,,0,0,0,0,0,0,0,0,0,0,1,0,0,0%,0,0.1,0.1,0.01,0.07,1,1.7,2.2,0,-0.2,0.2,0,0,0,0,30.6,0,0,0,3,0,0,0,0,0,1,6,0,0,0,17,0,,0.718,0.745,0.082,0,0.208,-0.1
88,1991-08-21,Lethbridge,AB,CAN,CAN,74,210,L,2010,6,162,Y,24,Brandon,Davidson,EDM,EDM,D,50, , ,51,4,7,2,11,7,63,39,64,6.30%,2.40%,58741,19.2,1309,25.7,44.9,28,1.7,0,0,0.00%,,,,0,,0,124,74,92,39,45,19,7.6,4.5,5.6,2.4,2.8,1.2,20,10,0,0,0,0,186,-1.5,,, ,,0,0,0,0,0,0,4,0,0,0,0,0,0,0%,0.5,2.9,3.4,0.07,0.21,3,14.9,18.6,11.7,1.1,3.5,0,4.5,0.09,0.28,53.7,1,1,5,32,1,0,31,10,0,0,21,0,1,0,186,20,"Undisclosed, Ribs",0.585,0.585,0.585,143,0,4.4
44,1991-05-09,Carp,ON,CAN,CAN,73,197,L,2009,1,12,,24,Calvin,de Haan,NYI,NYI,D,72, , ,72,2,14,7,16,3,102,43,68,2.00%,0.90%,89134,20.6,1715,23.8,52,91,3.7,0,1,0.00%,,,1,0,,0,118,128,198,43,57,19,4.8,5.2,8,1.7,2.3,0.8,20,10,0,0,0,0,346,2.5,,, ,,1,0,0,0,0,0,0,0,0,0,2,0,0,0%,0.2,3.4,3.6,0.05,0.15,7,24.6,32.1,-1.3,0.3,3.9,0,4.2,0.06,0.17,58.4,0,2,2,39,3,0,47,14,0,0,38,1,0,2,186,10,"Undisclosed, Lower body",2,1.967,1.967,240,0,1.2
25,1995-05-20,Arvika,,SWE,SWE,75,214,L,2013,2,34,,20,Jacob,De La Rose,MTL,MTL,LW/C,22, , ,22,0,1,1,1,-6,20,12,13,0.00%,0.00%,16414,12.4,418,19,39.3,14,3.1,67,63,51.50%,2,0,68,39,62,28,32,39,19,12,3,6,7,8.6,4.2,2.6,0.7,1.3,6,3,0,0,0,0,64,-1.7,,, ,,0,0,0,0,0,0,0,0,0,0,0,0,0,0%,-0.7,0.1,-0.6,-0.03,-0.13,3,4.7,6.5,-6.3,-1.8,0.5,0,-1.4,-0.06,-0.31,32.9,0,1,1,10,4,0,0,0,1,0,15,0,0,0,66,3,"Undisclosed, Flu",0.925,0.925,0.328,34,0,-1.7
77,1995-10-25,La Mirada,CA,USA,USA,69,185,L,2014,4,99,Y,20,Chase,De Leo,WPG,WPG,C,2, , ,2,0,0,0,0,1,2,0,0,0.00%,0.00%,1130,9.4,25,12.5,45.2,0,0,1,0,100.00%,,,,0,1,1,2,3,0,0,0,0,6.4,9.6,0,0,0,0,0,0,0,0,0,0,3,0,,, ,,0,0,0,0,0,0,0,0,0,0,0,0,0,0%,-0.1,0.1,0,0,0,2,0.3,0.3,1,-0.1,0.1,0,0,0,0,36,0,0,0,0,0,0,0,0,0,0,2,0,0,0,5,0,,0.685,0.721,0.024,0,0.19,0
65,1990-03-07,Detroit,MI,USA,USA,75,191,L,,,,,25,Danny,DeKeyser,DET,DET,D,77, , ,78,8,12,7,20,2,72,30,43,11.10%,5.50%,102045,21.8,2417,31,42.2,77,2.7,0,0,0.00%,,,,0,,0,75,88,107,30,38,17,2.6,3.1,3.8,1.1,1.3,0.6,44,22,0,0,0,0,239,-3.1,,, ,,2,1,3,0,0,0,3,1,0,0,4,0,0,0%,1,4.2,5.2,0.07,0.18,4,25.2,38.6,3,2.7,5.7,0,8.4,0.11,0.3,52,1,0,1,28,0,0,26,9,1,0,36,2,1,1,186,4,Foot,2.25,2.188,2.188,107,0,4.9
15,1990-06-24,Stouffville,ON,CAN,CAN,72,195,L,2008,1,20,,25,Michael,Del Zotto,PHI,PHI,D,52, , ,52,4,9,4,13,-8,98,33,83,4.10%,1.90%,73048,23.4,1511,29.1,48.3,38,1.9,0,0,0.00%,,,,0,,0,74,140,104,33,31,14,3.6,6.9,5.1,1.6,1.5,0.7,16,8,0,0,0,0,260,2.4,,, ,,1,1,1,0,0,0,2,0,1,0,1,0,0,0%,0.4,2,2.3,0.04,0.11,7,18.8,24.6,-9.2,0.8,1.6,0,2.4,0.05,0.12,47,0,0,3,30,3,0,40,27,1,0,27,1,0,2,186,30,"Wrist, Upper body",3.75,3.875,3.875,1418,0,-4.7
74,1993-05-01,London,ON,CAN,CAN,73,195,R,2011,6,179,Y,22,Dylan,DeMelo,SJS,SJS,D,45, , ,45,2,2,1,4,0,42,19,36,4.80%,2.10%,36769,13.6,830,18.4,44.3,7,0.7,0,0,0.00%,,,,0,,0,75,39,35,19,22,8,7.3,3.8,3.4,1.9,2.2,0.8,14,7,0,0,0,0,88,1.8,,, ,,0,0,0,0,0,0,0,0,0,0,2,0,0,0%,-0.1,1.3,1.2,0.03,0.12,1,10.8,9.5,-0.4,-0.8,1.1,0,0.3,0.01,0.03,48.8,0,0,3,16,0,0,19,5,0,0,18,0,0,0,135,0,,0.625,0.633,0.526,0,0.05,0
4,1988-06-09,Dorval,QC,CAN,CAN,73,200,R,2008,7,186,,27,Jason,Demers,DAL,DAL,D,61, , ,62,7,16,10,23,16,94,58,79,7.40%,3.00%,77629,20.9,1741,28.1,44.6,137,6.4,0,0,0.00%,,,,0,,0,102,86,73,58,41,28,4.7,4,3.4,2.7,1.9,1.3,72,21,2,0,2,0,233,-8.2,,, ,,0,0,1,1,1,0,1,0,2,0,2,0,0,0%,1.8,3.4,5.2,0.08,0.24,5,21.5,27.9,9.2,4.5,5.2,0,9.7,0.16,0.45,46.2,0,2,6,50,5,0,33,7,3,0,46,0,1,2,372,18,"Shoulder, Illness, Upper body, Lower body",3.65,3.4,3.4,485,0,4.8
51,1986-09-14,Laurier-Station,QC,CAN,CAN,67,174,L,,,,,29,David,Desharnais,MTL,MTL,C,65, , ,65,11,18,10,29,-6,90,21,32,12.20%,7.70%,62411,16,1434,22.1,43.5,133,7.7,391,412,48.70%,15,4,524,256,279,135,76,31,25,21,22,27,4.4,1.8,1.4,1.2,1.3,1.6,20,10,0,0,0,0,76,7.3,3,0,0%,0,4,1,4,0,1,0,1,0,0,0,9,0,1,100%,1.5,0.9,2.5,0.04,0.14,5,20.6,16.5,-0.5,2.5,0.8,-0.6,2.7,0.04,0.16,23.4,0,1,2,18,12,2,9,9,3,5,50,4,1,0,186,17,Foot,3.5,3.5,3.5,726,0,-3.6
11,1986-07-27,Lively,ON,CAN,CAN,73,195,L,,,,,29,Andrew,Desjardins,CHI,CHI,LW/C,77, , ,77,8,5,4,13,-8,96,35,52,8.30%,4.40%,61825,13.4,1514,19.7,40.8,120,7,43,44,49.40%,,,42,23,45,20,135,102,49,35,15,26,7.9,5.9,2.9,2,0.9,1.5,30,10,2,0,0,0,183,1.3,,, ,,1,0,1,2,1,0,0,1,2,0,4,0,0,0%,-0.5,0.8,0.3,0,0.02,5,14.6,20.7,-12.9,-0.6,1.6,0,1,0.01,0.06,34.3,0,3,1,31,13,1,9,8,4,1,61,0,0,0,186,0,,0.8,0.8,0.8,0,0,0.5
44,1991-02-22,LaSalle,QC,CAN,CAN,73,212,L,2009,3,84,,24,Nicolas,Deslauriers,BUF,BUF,LW/RW,70, , ,70,6,6,2,12,-14,72,34,30,8.30%,4.40%,43379,10.3,1002,14.3,43.3,32,2.7,0,1,0.00%,,,,0,1,0,64,206,30,34,8,14,5.3,17.1,2.5,2.8,0.7,1.2,59,7,5,2,0,0,300,4.7,,, ,,1,0,1,0,1,2,0,0,1,0,2,0,0,0%,0.1,0.4,0.4,0.01,0.03,4,15.1,15.7,-10.6,-1.3,0.8,0,-0.5,-0.01,-0.04,36.5,0,1,4,29,11,4,8,13,2,0,34,0,0,1,186,11,Lower body,0.65,0.637,0.638,86,0,-0.7
24,1991-07-27,Laval,QC,CAN,CAN,76,218,L,2009,1,30,,24,Simon,Despres,ANA,ANA,D,32, , ,32,0,4,1,4,2,32,16,19,0.00%,0.00%,37685,19.6,775,24.2,48.6,0,0,0,0,0.00%,,,,0,,0,46,67,71,16,27,11,4.4,6.4,6.8,1.5,2.6,1.1,8,4,0,0,0,0,146,1.3,,, ,,0,0,0,0,0,0,0,0,0,0,0,0,0,0%,-0.3,1.8,1.5,0.05,0.14,6,11,13.7,0.8,-1.2,2.1,0,0.9,0.03,0.09,42.9,0,0,1,15,3,0,7,4,0,0,18,0,0,1,186,50,"Undisclosed, Flu, Upper body",0.9,0.9,0.9,549,0,0.2
34,1993-10-09,Toronto,ON,CAN,CAN,72,200,L,2012,2,38,Y,22,Phillip,Di Giuseppe,CAR,CAR,LW,40, , ,41,7,10,7,17,0,68,32,20,10.30%,5.80%,35095,14.3,789,19.2,44.5,77,7.9,7,13,35.00%,,,13,5,7,2,35,113,21,32,5,17,3.6,11.6,2.2,3.3,0.5,1.7,18,9,0,0,0,0,152,-2.8,1,0,0%,0,4,1,1,0,1,0,0,1,0,0,5,0,0,0%,1.1,0.8,1.9,0.05,0.19,5,13.2,12.6,4,1.3,1.7,-0.2,2.8,0.07,0.29,30.2,1,0,1,30,11,1,4,19,1,1,31,1,0,0,120,14,"Undisclosed, Concussion",0.818,0.818,0.597,158,0.108,2.3
16,1995-07-04,Georgetown,ON,CAN,CAN,74,200,L,2013,1,29,Y,20,Jason,Dickinson,DAL,DAL,C/LW,1, , ,1,1,0,0,1,1,2,0,1,50.00%,33.30%,715,11.9,17,17,42.1,0,0,1,6,14.30%,,,7,1,,0,1,0,1,0,1,0,5,0,5,0,5,0,0,0,0,0,0,0,1,0,,, ,,1,0,0,0,1,0,0,0,0,0,0,0,0,0%,0.2,0.1,0.2,0.2,1.01,3,0.2,0.2,0.9,0.4,0.1,0,0.5,0.5,2.52,17,0,0,0,0,1,0,0,0,0,0,1,0,1,0,1,0,,0.925,0.894,0.005,0,0,0.5
44,1993-07-17,Medicine Hat,AB,CAN,CAN,73,201,R,2011,5,138,Y,22,Darren,Dietz,MTL,MTL,D,13, , ,13,1,4,2,5,-1,13,5,6,7.70%,4.20%,11339,14.5,240,18.5,47.2,21,6.7,0,0,0.00%,,,,0,,0,28,38,14,5,12,3,8.9,12.1,4.4,1.6,3.8,1,13,4,1,0,0,0,66,-3.2,,, ,,0,0,0,0,0,0,1,0,0,0,0,0,0,0%,0.4,0.3,0.8,0.06,0.25,2,4,4.6,-0.4,0.9,0.4,0,1.3,0.1,0.41,49.5,0,0,0,5,0,0,5,0,0,0,8,0,1,0,29,0,,0.69,0.69,0.14,0,0.21,1.2
4,1990-11-13,New Westminster,BC,CAN,CAN,76,225,L,,,,,25,Brenden,Dillon,SJS,SJS,D,76, , ,76,2,9,5,11,8,93,40,79,2.20%,0.90%,76097,16.7,1618,21.3,47,74,3.5,0,0,0.00%,,,,0,,0,118,154,89,40,42,12,5.6,7.3,4.2,1.9,2,0.6,61,18,3,0,1,0,307,-7.7,,, ,,0,0,1,0,0,0,1,1,0,0,0,0,0,0%,-0.1,3.4,3.3,0.04,0.16,1,19.8,21.7,6.5,-0.5,4.1,0,3.7,0.05,0.18,52.1,1,0,4,35,1,1,31,15,0,0,45,1,0,1,186,6,Upper body,2.4,3.27,3.27,239,0,-2.1
19,1976-10-10,Halkirk,AB,CAN,CAN,73,223,R,1995,1,7,,39,Shane,Doan,ARI,ARI,RW/LW,71, , ,72,28,19,12,47,4,170,65,55,16.50%,9.70%,76011,17.6,1590,22.1,47.8,113,5.4,74,69,51.70%,1,0,108,56,35,18,78,116,15,65,27,33,3.7,5.5,0.7,3.1,1.3,1.6,98,24,2,3,1,0,231,-11.9,,, ,,8,0,4,1,4,1,4,0,2,1,16,0,0,0%,5,1.5,6.5,0.09,0.31,5,30.7,24.7,12.9,8,2.1,0,10.1,0.14,0.48,28.4,0,3,4,58,15,2,19,14,23,3,95,6,4,5,186,10,"Concussion, Lower body",4.55,5.252,5.3,640,0,0
16,1995-03-02,Winnipeg,MB,CAN,CAN,70,198,L,2013,1,12,Y,20,Max,Domi,ARI,ARI,LW/C,80, , ,81,18,34,24,52,3,156,61,80,11.50%,6.10%,79579,16.4,1751,21.6,45.4,217,9.8,20,35,36.40%,,,39,15,16,5,83,34,25,61,41,28,3.8,1.5,1.1,2.8,1.9,1.3,72,21,4,0,1,0,135,2.4,1,0,0%,0,2,0,0,1,5,0,0,2,0,0,11,0,0,0%,4.3,1.6,5.8,0.07,0.26,5,33.6,26,13.2,6.7,2,-0.2,8.5,0.1,0.38,28.8,1,4,8,48,14,1,15,10,1,0,115,3,5,4,186,0,,0.925,0.863,1.363,0,0.5,6.8
27,1992-04-13,Raahe,,FIN,FIN,72,180,R,2010,4,99,Y,23,Joonas,Donskoi,SJS,SJS,RW/LW,76, , ,76,11,25,16,36,4,107,43,39,10.30%,5.80%,64539,14.2,1525,20.1,42.3,163,9.1,2,1,66.70%,,,,0,3,2,148,31,46,43,37,33,8.3,1.7,2.6,2.4,2.1,1.8,20,10,0,0,0,0,97,4.9,6,2,33%,0,1,0,1,1,0,2,1,0,1,1,6,0,0,0%,2.3,1.5,3.7,0.05,0.21,5,23.1,20.2,3.8,4.1,2.8,0,7,0.09,0.39,20.1,1,2,5,35,15,9,5,8,5,4,61,2,1,1,186,6,"Undisclosed, Lower body",0.925,0.925,1.138,83,0.213,5.7
15,1986-12-20,Kindersley,SK,CAN,CAN,72,192,R,2006,7,189,,29,Derek,Dorsett,VAN,VAN,RW/LW,71, , ,71,5,11,5,16,-13,91,34,22,5.50%,3.40%,53635,12.6,1293,18.2,41.5,71,4.8,3,7,30.00%,,,7,1,3,2,86,127,44,34,14,11,5.8,8.5,3,2.3,0.9,0.7,177,31,11,6,0,0,359,-1.9,,, ,,1,0,0,1,1,0,0,1,0,0,3,0,0,0%,-0.1,0.6,0.5,0.01,0.03,3,17.4,18.8,-7.7,-1.4,1.1,0,-0.3,0,-0.02,28.3,0,1,7,26,10,3,9,10,3,2,54,0,0,1,186,7,"Upper body, Illness, Flu",3.1,2.65,2.65,226,0,-4.8
8,1989-12-08,London,ON,CAN,CAN,73,195,R,2008,1,2,,26,Drew,Doughty,LAK,LAK,D,81, , ,82,14,37,18,51,24,197,107,127,7.10%,3.20%,137848,28,2730,33.3,50.5,168,4.4,0,0,0.00%,,,,0,,0,155,125,105,107,97,10,4,3.3,2.7,2.8,2.5,0.3,52,26,0,0,0,0,282,-0.3,,, ,,3,0,3,0,2,0,9,0,0,0,3,0,0,0%,4.5,7.1,11.6,0.14,0.3,4,44.9,46.2,14.3,9.8,8.4,0,18.1,0.22,0.47,51.9,0,3,4,100,2,0,99,25,2,0,69,4,3,3,186,0,,7.1,7,7,0,0,4.4
67,1990-05-27,Huntsville,AL,USA,USA,73,175,R,2009,7,198,Y,25,Nic,Dowd,LAK,LAK,C,5, , ,5,0,0,0,0,1,3,2,3,0.00%,0.00%,3173,10.6,74,14.8,42.9,0,0,18,16,52.90%,,,30,16,4,2,5,6,0,2,3,3,5.7,6.8,0,2.3,3.4,3.4,2,1,0,0,0,0,8,-0.1,,, ,,0,0,0,0,0,0,0,0,0,0,0,0,0,0%,-0.1,0.1,0,0,0,1,0.9,0.9,0.7,-0.4,0.2,0,-0.2,-0.04,-0.23,23.7,0,0,0,2,0,1,0,1,0,0,1,0,0,0,19,0,,0.6,0.6,0.061,0,0,-0.2
17,1987-04-03,Newmarket,ON,CAN,CAN,71,191,R,2005,1,29,,28,Steve,Downie,ARI,ARI,RW/LW,26, , ,26,3,3,2,6,1,22,7,7,13.60%,8.30%,14043,9,349,13.4,40.2,21,5.4,2,2,50.00%,,,4,2,,0,17,29,7,7,4,4,4.4,7.4,1.8,1.8,1,1,53,9,1,3,0,0,90,-1.4,,, ,,2,0,0,0,0,0,0,0,0,0,3,0,0,0%,0.4,0.3,0.7,0.03,0.18,3,4.9,4.8,1.5,0.5,0.6,0,1.1,0.04,0.28,35.3,0,0,1,6,2,0,0,3,3,0,14,0,0,0,186,12,Upper body,1.75,1.75,1.347,256,0,-0.6
29,1995-10-27,Cologne,,DEU,DEU,73,214,L,2014,1,3,,20,Leon,Draisaitl,EDM,EDM,C/LW,71, , ,72,19,32,16,51,-2,133,43,38,14.30%,8.90%,78014,18.1,1656,23,47.1,151,7,502,536,48.40%,26,10,693,330,345,172,97,38,18,43,61,40,4.5,1.8,0.8,2,2.8,1.8,20,10,0,0,0,0,76,10.2,1,1,100%,0,5,0,2,0,2,1,1,4,3,0,8,0,0,0%,4.2,1.6,5.8,0.08,0.27,5,30.5,25.5,10.4,7.5,2.4,0.5,10.4,0.14,0.48,25.5,0,3,3,37,16,1,7,33,11,1,64,2,2,3,164,0,,0.925,0.925,2.998,0,2.475,5.1
27,1995-03-28,Ste-Agathe,QC,CAN,CAN,71,188,L,2013,1,3,,20,Jonathan,Drouin,TBL,TBL,LW/C,21, , ,21,4,6,4,10,1,25,15,16,16.00%,7.10%,18198,14.4,379,18,48,28,5.5,9,10,47.40%,,,11,5,8,4,17,18,2,15,11,8,3.4,3.6,0.4,3,2.2,1.6,4,2,0,0,0,0,24,0.8,1,0,0%,0,1,0,1,0,0,0,0,0,0,0,4,0,0,0%,0.8,0.4,1.2,0.06,0.24,4,7.4,6.3,0.3,1.1,0.6,-0.2,1.5,0.07,0.3,30.7,0,1,1,13,0,0,3,6,1,0,15,0,1,2,90,19,"Lower body, Undisclosed",0.925,0.894,1.546,740,2.3,-1.2
17,1986-04-29,Anchorage,AK,USA,USA,74,216,L,2004,2,60,,29,Brandon,Dubinsky,CBJ,CBJ,C/LW,74, , ,75,17,31,22,48,-16,158,49,81,10.80%,5.90%,84434,18.8,1833,24.4,46.1,243,10.4,780,704,52.60%,42,19,928,499,556,281,68,235,40,49,31,45,2.9,10,1.7,2.1,1.3,1.9,71,23,3,1,0,0,349,-3.1,7,3,43%,2,2,0,3,2,3,1,0,4,0,0,9,0,0,0%,3.4,0.8,4.3,0.06,0.18,9,31.6,33.2,-8.3,5.9,2.3,0.5,8.6,0.11,0.37,29,2,1,3,43,18,3,10,62,6,3,56,3,2,4,186,6,Elbow,5.85,5.85,5.85,428,0,-2.7
9,1991-01-16,Haliburton,ON,CAN,CAN,71,200,L,2009,1,3,,25,Matt,Duchene,COL,COL,C,76, , ,76,30,29,16,59,-8,200,62,63,15.00%,9.20%,84773,18.6,1746,23,48.6,146,6.2,428,311,57.90%,13,9,396,223,343,205,89,41,37,62,31,43,3.8,1.7,1.6,2.6,1.3,1.8,24,12,0,0,0,0,102,8.1,3,1,33%,0,8,0,6,1,3,0,0,4,2,0,21,0,0,0%,5.9,1.3,7.2,0.09,0.31,6,34.5,27.3,3.1,10.2,1.3,0,11.5,0.15,0.49,26.1,0,3,3,56,17,2,3,24,14,2,138,2,8,3,186,6,Knee,6,6,6,439,0,-0.1
10,1995-08-26,Pointe-Claire,QC,CAN,CAN,71,185,L,2013,3,80,Y,20,Anthony,Duclair,ARI,ARI,LW/RW,80, , ,81,20,24,13,44,12,105,51,29,19.00%,10.80%,69884,14.4,1598,19.7,43.7,110,5.7,0,1,0.00%,,,1,0,,0,96,27,27,51,18,26,4.9,1.4,1.4,2.6,0.9,1.3,49,22,1,0,0,0,104,0.7,2,2,100%,2,1,0,2,0,2,0,3,3,1,0,11,0,2,200%,4,1.8,5.8,0.07,0.3,3,28.6,22.4,20,6.4,2.8,0.5,9.7,0.12,0.5,24,0,2,8,41,8,0,5,9,8,0,75,3,3,2,186,1,Illness,0.743,0.772,0.894,12,0.183,9
24,1994-07-25,Regina,SK,CAN,CAN,72,193,R,2012,1,7,,21,Matt,Dumba,MIN,MIN,D,80, , ,81,10,16,11,26,1,152,72,104,6.60%,3.00%,81845,16.8,1755,21.7,46.6,114,5,0,0,0.00%,,,,0,,0,90,83,56,72,44,13,4,3.7,2.5,3.2,1.9,0.6,38,14,2,0,0,0,179,8.2,,, ,,4,0,3,0,2,1,4,0,0,0,3,0,0,0%,2.4,3.2,5.6,0.07,0.25,2,32.2,29.2,0.7,3.3,3.8,0,7.2,0.09,0.32,46.8,1,4,9,58,8,1,68,19,2,0,54,0,2,1,186,0,,0.833,0.894,1.603,0,0.85,5
8,1991-09-06,Biddeford,ME,USA,USA,76,207,L,2009,2,51,,24,Brian,Dumoulin,PIT,PIT,D,79, , ,79,0,16,8,16,11,101,38,68,0.00%,0.00%,89518,18.9,2124,26.9,42.1,95,3.8,1,0,100.00%,,,1,1,,0,200,77,68,38,36,32,8,3.1,2.7,1.5,1.4,1.3,14,7,0,0,0,0,159,8.9,,, ,,0,0,0,0,0,0,0,0,0,0,0,0,0,0%,-0.1,3.7,3.7,0.05,0.15,4,23.9,30,-0.3,0,3.5,0,3.5,0.04,0.14,43.7,0,1,5,32,3,0,22,17,0,1,58,0,0,0,186,3,Upper body,0.8,0.8,0.8,29,0,3
9,1979-04-07,Laval,QC,CAN,CAN,73,205,L,,,,,36,Pascal,Dupuis,PIT,PIT,RW/LW,18, , ,18,2,2,2,4,-1,28,11,13,7.10%,3.80%,16305,15.1,393,21.8,41.5,19,4.2,2,1,66.70%,,,2,1,1,1,13,35,12,11,4,2,2.9,7.7,2.6,2.4,0.9,0.4,12,6,0,0,0,0,59,-5.7,,, ,,2,0,0,0,1,0,0,0,1,0,0,0,0,0%,-0.1,0.2,0.1,0.01,0.02,6,5.7,7.3,-3.8,-0.8,0.8,0,0,0,0,30.1,0,0,0,11,6,0,7,2,1,0,12,0,0,0,186,64,"Blood clots, Undisclosed, Lower body",4,3.75,3.75,2927,0,-6.8
43,1992-03-09,Wheaton,IL,USA,USA,72,190,L,2011,7,204,Y,23,Ryan,Dzingel,OTT,OTT,LW/C,29, , ,30,3,6,2,9,4,23,9,14,13.00%,6.50%,19436,10.8,467,15.6,41.6,10,1.9,2,2,50.00%,,,1,1,3,1,22,54,4,9,2,6,4.1,10,0.7,1.7,0.4,1.1,11,3,1,0,0,0,70,-2.6,,, ,,0,0,0,0,1,0,0,0,0,0,2,0,0,0%,0.5,0.4,0.9,0.03,0.17,1,6.9,6.7,5.3,0.7,1.1,0,1.8,0.06,0.33,24.5,0,1,1,7,1,0,1,3,0,0,18,0,0,1,66,0,,0.74,0.715,0.319,0,0.16,1.5
59,1989-10-06,Lloydminster,AB,CAN,CAN,75,224,L,,,,Y,26,Dave,Dziurzynski,OTT,OTT,LW,14, , ,14,1,3,1,4,-4,14,5,2,7.10%,4.80%,8465,10.1,208,14.9,40.7,11,4.7,3,4,42.90%,,,3,1,4,2,20,55,7,5,2,2,8.5,23.4,3,2.1,0.9,0.9,9,2,1,0,0,0,72,-2.3,,, ,,0,0,0,0,0,0,0,1,0,0,0,0,0,0%,0.2,-0.1,0.1,0.01,0.04,4,3.1,3,-3.9,0.3,-0.1,0,0.1,0.01,0.04,31.9,0,0,2,3,1,1,1,2,1,0,8,0,0,0,54,8,Undisclosed,0.75,0.75,0.218,73,0,0
20,1991-05-24,Winnipeg,MB,CAN,CAN,72,190,L,2009,3,85,,24,Cody,Eakin,DAL,DAL,C,81, , ,82,16,19,13,35,3,132,47,51,12.10%,7.00%,80531,16.4,1923,23.5,41.9,165,7.4,567,621,47.70%,28,12,754,364,434,203,86,98,47,47,46,42,3.8,4.4,2.1,2.1,2.1,1.9,42,21,0,0,0,0,187,-4.3,,, ,,2,0,1,4,2,1,1,0,2,0,10,0,0,0%,2.1,1.3,3.4,0.04,0.15,4,25.1,28.7,-3.9,4.2,3.4,0,7.6,0.09,0.34,31.3,0,2,5,40,14,3,19,14,8,0,75,0,3,1,186,0,,2.3,1.9,1.9,0,0,4.7
18,1984-05-01,Calgary,AB,CAN,USA,72,200,R,2003,1,29,,31,Patrick,Eaves,DAL,DAL,RW/LW,54, , ,54,11,6,4,17,-5,86,37,37,12.80%,6.90%,42038,13,1023,18.9,41.1,40,3.4,3,8,27.30%,,,7,2,4,1,39,70,20,37,11,16,3.3,6,1.7,3.2,0.9,1.4,27,11,1,0,0,0,118,1.5,1,1,100%,0,2,0,2,0,1,0,1,0,0,0,9,0,0,0%,1.3,0.4,1.7,0.03,0.15,6,15.2,11.9,-3.5,1.3,0.1,0.5,1.8,0.03,0.15,28.7,0,1,7,29,9,1,6,6,6,0,58,2,1,0,186,21,"Undisclosed, Illness, Lower body",1.15,1.15,1.15,295,0,0.5
14,1990-05-15,Regina,SK,CAN,CAN,71,181,R,2008,1,22,,25,Jordan,Eberle,EDM,EDM,RW,68, , ,69,25,22,12,47,-12,173,60,63,14.50%,8.40%,73924,17.9,1560,22.6,47.4,124,6,5,3,62.50%,,,6,3,2,2,98,28,23,60,41,30,4.8,1.4,1.1,2.9,2,1.5,14,7,0,0,0,0,65,12.3,7,3,43%,1,3,1,4,1,4,0,0,2,0,0,19,0,0,0%,4.6,1,5.7,0.08,0.28,6,30.8,24.6,0.7,7.1,1.2,0.5,8.8,0.13,0.43,22.6,2,1,6,51,25,0,7,27,5,2,107,4,1,1,186,13,Shoulder,6,6,6,951,0,-2.8
23,1986-04-21,Ostersund,,SWE,SWE,75,215,L,2004,3,91,,29,Alexander,Edler,VAN,VAN,D,52, , ,52,6,14,3,20,-8,111,60,77,5.40%,2.40%,76292,24.5,1599,30.8,47.7,34,1.6,0,0,0.00%,,,,0,,0,107,84,106,60,40,15,5,4,5,2.8,1.9,0.7,46,22,0,0,0,0,236,-6.1,,, ,,2,0,0,0,0,0,2,1,0,0,3,0,0,0%,1.3,2.5,3.8,0.07,0.18,5,31,29.3,2.6,0.8,2.4,0,3.1,0.06,0.15,53.8,0,1,6,53,1,0,28,7,0,0,75,2,0,1,186,30,"Leg, Illness",6,5,5,1829,0,-6.4
6,1993-06-28,Brandon,MB,CAN,CAN,76,207,L,2011,2,46,Y,22,Joel,Edmundson,STL,STL,D,67, , ,67,1,8,4,9,0,90,43,54,1.10%,0.50%,60016,14.9,1434,21.4,41.9,71,4.3,0,0,0.00%,,,,0,,0,81,165,62,43,19,7,4.9,9.9,3.7,2.6,1.1,0.4,63,24,3,0,0,0,293,-3.9,,, ,,0,0,0,0,0,0,1,0,0,0,0,0,0,0%,-0.1,2.3,2.2,0.03,0.13,1,16,18.7,-2.6,-0.4,1.6,0,1.2,0.02,0.07,49.7,0,0,5,38,0,0,32,15,0,0,43,0,0,1,172,0,,0.868,0.743,0.855,0,0.058,0.5
27,1996-02-14,Aalborg,,DNK,DNK,72,172,L,2014,1,9,Y,19,Nikolaj,Ehlers,WPG,WPG,RW/LW,71, , ,72,15,23,16,38,3,167,73,64,9.00%,4.90%,69556,16.1,1531,21.3,45.4,161,8.3,0,2,0.00%,,,2,0,,0,68,29,25,73,37,20,3.5,1.5,1.3,3.8,1.9,1,21,8,1,0,0,0,76,12.2,1,0,0%,0,4,0,0,1,1,0,3,4,0,0,7,0,0,0%,2.8,1.4,4.1,0.06,0.21,4,27.8,21.7,6.4,3.7,2.2,-0.2,5.7,0.08,0.3,32.1,4,3,8,58,14,1,20,29,1,0,102,1,0,4,186,10,Eye,0.925,0.894,1.594,179,0.575,3.5
55,1982-07-06,Moers,,DEU,DEU,74,201,L,2001,4,106,,33,Christian,Ehrhoff,CHI,"LAK, CHI",D,40,8, ,48,2,10,5,12,-11,80,43,51,2.50%,1.10%,44593,15.5,989,20.6,45.1,31,2.5,0,0,0.00%,,,,0,,0,70,39,35,43,22,5,5.7,3.1,2.8,3.5,1.8,0.4,34,17,0,0,0,0,108,-0.7,,, ,,0,0,0,0,0,0,0,0,1,0,1,0,0,0%,0.6,0.7,1.3,0.03,0.1,0,17,14.3,-13.6,0.5,-0.4,0,0.1,0,0.01,48.3,0,0,1,42,3,0,39,9,3,0,26,0,0,0,416,2,Undisclosed,1.5,1.5,1.423,37,0,-0.3
15,1996-10-28,North Chelmsford,MA,USA,USA,74,201,R,2015,1,2,Y,19,Jack,Eichel,BUF,BUF,C,81, , ,81,24,32,22,56,-16,238,90,106,10.10%,5.50%,92931,19.1,1796,22.2,51.7,241,9.3,402,578,41.00%,13,4,636,282,335,115,83,43,25,90,49,43,3.2,1.7,1,3.5,1.9,1.7,22,11,0,0,0,0,90,10,6,1,17%,0,5,1,5,2,2,1,3,4,2,1,11,0,0,0%,4.9,1.4,6.3,0.08,0.24,5,37.6,30.5,-4.4,7.8,1.7,-0.6,8.9,0.11,0.34,34.1,1,4,11,74,30,5,15,31,5,8,144,7,4,6,186,1,Flu,0.925,0.925,3.775,46,2.85,2
5,1996-02-07,Windsor,ON,CAN,CAN,76,216,R,2014,1,1,,19,Aaron,Ekblad,FLA,FLA,D,78, , ,78,15,21,8,36,18,182,58,84,8.20%,4.60%,101449,21.7,1878,24.1,54,83,2.9,0,0,0.00%,,,,0,,0,126,87,59,58,41,24,4.5,3.1,2.1,2.1,1.5,0.9,41,18,1,0,0,0,188,-2.9,,, ,,2,0,4,0,0,0,6,2,1,0,6,0,0,0%,3.7,4.5,8.2,0.11,0.29,4,40.2,33.9,7.6,6.2,4.4,0,10.6,0.14,0.38,44,1,2,2,53,8,1,86,31,1,0,55,0,0,7,186,4,Upper body,0.925,0.925,3.775,184,2.85,3.7
14,1990-05-24,Borlange,,SWE,SWE,76,215,L,2009,4,102,,25,Mattias,Ekholm,NSH,NSH,D,81, , ,82,8,27,12,35,14,114,56,75,7.00%,3.30%,99589,20.2,2122,25.9,46.9,117,4.2,0,0,0.00%,,,,0,,0,127,67,106,56,54,26,4.6,2.4,3.8,2,2,0.9,44,22,0,0,0,0,217,0.5,,, ,,0,1,3,0,1,0,3,2,1,0,1,0,0,0%,2.8,5,7.8,0.1,0.28,6,32.2,35.8,12.3,6.3,6.5,0,12.8,0.16,0.46,41.5,0,1,13,42,7,0,46,9,2,2,48,2,0,1,186,0,,1.038,1.038,1.038,0,0,11.8
23,1991-07-17,Karlskrona,,SWE,SWE,74,200,L,2009,1,6,,24,Oliver,Ekman-Larsson,ARI,ARI,D,74, , ,75,21,34,16,55,-6,228,103,178,9.20%,4.10%,111463,24.8,2127,28.4,52.4,102,3.3,0,0,0.00%,,,,0,,0,143,154,67,103,39,40,4.6,5,2.2,3.3,1.3,1.3,96,32,0,2,1,0,317,18.3,,, ,,5,2,8,0,0,0,7,2,0,0,12,0,0,0%,6.3,3.2,9.5,0.13,0.31,5,55.2,39.9,9,10.4,2.6,0,12.9,0.17,0.42,47.5,1,7,11,84,3,0,65,15,0,0,145,2,8,7,186,7,"Illness, Upper body",6,5.5,5.5,470,0,2.4
26,1976-04-13,Trebic,,CZE,CZE,73,190,L,1994,2,51,,39,Patrik,Elias,NJD,NJD,C/LW,16, , ,16,2,6,3,8,5,21,5,9,9.50%,5.70%,14819,15.4,340,21.3,43.6,20,4.9,9,19,32.10%,,,19,6,9,3,18,10,1,5,9,5,4.4,2.4,0.2,1.2,2.2,1.2,10,5,0,0,0,0,21,-1.1,2,0,0%,0,0,0,0,0,0,0,0,1,1,0,0,0,0,0%,0.5,0.6,1,0.06,0.24,2,5.8,4.6,6.6,0.6,1,-0.4,1.2,0.08,0.29,32,0,0,0,5,1,1,1,9,2,0,7,1,0,0,186,66,Knee,5.5,5.5,5.5,4427,0,-9.3
81,1989-05-08,Rodovre,,DNK,DNK,74,207,L,2007,1,13,,26,Lars,Eller,MTL,MTL,C/LW,79, , ,79,13,13,7,26,-13,149,60,66,8.70%,4.70%,72319,15.3,1756,22.2,41.2,79,3.9,207,202,50.60%,2,1,238,116,171,91,147,111,36,60,25,46,7.3,5.5,1.8,3,1.2,2.3,28,14,0,0,0,0,175,1.8,4,1,25%,1,0,0,2,0,1,1,0,3,0,0,8,0,0,0%,1,0.8,1.8,0.02,0.09,5,23.4,25.3,-10.8,0.6,1.9,-0.2,2.4,0.03,0.12,30.9,1,4,6,49,21,3,18,17,10,2,78,2,0,1,186,3,"Illness, Lower body",2.5,3.5,3.5,128,0,-3.9
7,1991-01-30,Vancouver,BC,CAN,CAN,73,190,R,2009,2,49,,25,Stefan,Elliott,NSH,"ARI, NSH",D,19,2, ,21,2,4,3,6,-3,37,10,24,5.40%,2.80%,17850,14.2,423,20.1,42.2,39,7.9,0,0,0.00%,,,,0,,0,29,12,18,10,5,4,5.8,2.4,3.6,2,1,0.8,4,2,0,0,0,0,34,1.3,,, ,,0,0,0,0,1,0,0,0,0,0,1,0,0,0%,0.5,0.3,0.9,0.04,0.18,2,5.9,6.1,-2.2,1.1,0.2,0,1.4,0.07,0.28,47.1,0,0,1,9,3,0,2,6,0,0,26,0,0,0,106,3,Upper body,0.65,0.65,0.37,24,0,1.3
85,1992-04-30,Summerside,PE,CAN,CAN,73,211,R,2010,4,117,Y,23,Morgan,Ellis,MTL,MTL,D,3, , ,3,0,0,0,0,0,3,1,3,0.00%,0.00%,1612,9,40,13.3,40.3,0,0,0,0,0.00%,,,,0,,0,5,1,2,1,2,0,11.2,2.2,4.5,2.2,4.5,0,2,1,0,0,0,0,5,-0.9,,, ,,0,0,0,0,0,0,0,0,0,0,0,0,0,0%,0,0.1,0,0,0,0,0.5,0.6,0.1,-0.1,0.1,0,-0.1,-0.03,-0.22,51,0,0,0,1,0,0,3,0,0,0,0,0,0,0,9,0,,0.632,0.632,0.031,0,0,-0.1
4,1991-01-03,Hamilton,ON,CAN,CAN,70,180,R,2009,1,11,,25,Ryan,Ellis,NSH,NSH,D,78, , ,79,10,22,13,32,13,152,48,97,6.60%,3.40%,99059,20.9,2024,25.6,48.9,131,4.8,0,0,0.00%,,,,0,,0,110,61,100,48,23,24,4,2.2,3.6,1.7,0.8,0.9,35,15,1,0,0,0,197,13.7,1,0,0%,0,2,0,2,0,1,0,7,0,0,0,2,0,0,0%,2.7,4.8,7.6,0.1,0.28,6,32.2,34.3,11.8,5.5,6.1,-0.2,11.4,0.14,0.41,49.1,1,4,3,40,2,0,82,16,0,1,51,1,1,3,186,3,"Upper body, Lower body",2,2.5,2.5,91,0,7.3
65,1992-09-13,New Westminster,BC,CAN,CAN,72,195,L,,,,Y,23,Turner,Elson,CGY,CGY,LW,1, , ,1,0,1,0,1,1,0,0,0,0.00%,0.00%,894,14.9,20,20,44.7,0,0,0,0,0.00%,,,,0,,0,1,2,0,0,0,0,4,8.1,0,0,0,0,0,0,0,0,0,0,2,0,,, ,,0,0,0,0,0,0,0,0,0,0,0,0,0,0%,0.1,0.1,0.1,0.1,0.4,4,0.2,0.2,1.1,0.2,0.1,0,0.4,0.4,1.61,0,0,0,0,0,0,0,0,0,0,0,0,0,0,0,2,0,,0.605,0.605,0.007,0,0,0.4
74,1986-04-25,Togliatti,,RUS,RUS,74,216,L,2004,3,84,,29,Alexei,Emelin,MTL,MTL,D,72, , ,72,0,12,3,12,-7,71,42,82,0.00%,0.00%,88551,20.5,1853,25.7,47.8,54,2.2,0,0,0.00%,,,,0,,0,184,256,113,42,75,15,7.5,10.4,4.6,1.7,3,0.6,71,23,3,0,1,0,443,-9.4,,, ,,0,0,0,0,0,0,0,0,0,0,0,0,0,0%,-0.5,2.6,2.1,0.03,0.09,5,20.6,30.3,-7.3,-0.8,3.2,0,2.4,0.03,0.1,53.4,0,0,3,39,3,0,16,7,0,0,45,0,2,0,186,5,Lower body,3.9,4.1,4.1,250,0,-5.2
29,1982-04-03,Edmonton,AB,CAN,CAN,74,214,R,2000,6,194,,33,Deryk,Engelland,CGY,CGY,D/RW,68, , ,69,3,9,2,12,7,71,29,49,4.20%,2.00%,63058,15.2,1479,21.4,42.6,24,1.4,0,0,0.00%,,,,0,,0,87,105,107,29,22,8,5,6,6.1,1.7,1.3,0.5,54,12,2,2,0,0,268,-0.6,,, ,,0,0,0,0,0,0,0,1,0,0,2,0,0,0%,0.3,2.5,2.8,0.04,0.16,3,17,22.9,9.8,0.6,3.8,0,4.3,0.06,0.25,49.5,0,2,6,21,1,0,16,9,1,0,44,0,2,0,186,2,"Undisclosed, Lower body",3,2.917,2.917,71,0,-0.7
63,1989-10-06,Edmonton,AB,CAN,CAN,69,160,L,2008,1,26,,26,Tyler,Ennis,BUF,BUF,C,23, , ,23,3,8,3,11,-9,57,23,22,5.30%,2.90%,24934,18.1,482,21,51.7,54,7.8,2,0,100.00%,,,,0,2,2,24,30,8,23,16,11,3.5,4.3,1.2,3.3,2.3,1.6,11,3,1,0,0,0,50,1.7,3,1,33%,0,2,0,0,0,1,0,2,0,0,0,0,0,0,0%,0.5,0.2,0.6,0.03,0.09,6,8.9,6.8,-6.3,0.6,-0.2,0,0.4,0.02,0.06,36.1,1,1,3,18,6,1,14,7,1,0,28,0,1,2,186,59,"Upper body, Lower body",4.75,4.6,4.6,3310,0,-8.2
39,1984-11-05,Nordingra,,SWE,SWE,70,180,L,2003,8,239,,31,Toby,Enstrom,WPG,WPG,D,71, , ,72,2,14,5,16,8,50,26,44,4.00%,1.70%,90091,20.9,1904,26.4,47.3,68,2.7,0,0,0.00%,,,,0,,0,124,25,96,26,40,9,5,1,3.8,1,1.6,0.4,44,21,0,0,0,0,165,-3.2,,, ,,1,0,0,0,0,0,0,0,0,0,2,0,0,0%,0.2,3.4,3.6,0.05,0.14,2,24.4,30.4,8.8,0.3,4.4,0,4.7,0.07,0.19,51.9,0,0,0,26,1,0,16,7,2,0,24,0,1,0,186,10,Knee,5.75,5.75,5.75,701,0,-6.4
52,1984-03-02,Karlskrona,,SWE,SWE,76,220,L,2002,9,291,,31,Jonathan,Ericsson,DET,DET,D,71, , ,71,3,12,6,15,2,68,42,44,4.40%,1.90%,78957,18.5,1957,27.6,40.3,71,3.2,0,0,0.00%,,,,0,,0,60,121,48,42,61,14,2.7,5.5,2.2,1.9,2.8,0.6,56,23,0,1,0,0,225,-2.3,,, ,,0,0,0,0,0,0,1,0,0,0,2,0,0,0%,0.4,3.3,3.7,0.05,0.17,4,20.3,29.6,2.9,1.1,4.3,0,5.4,0.08,0.25,55.4,0,1,4,37,3,0,34,7,0,0,24,0,0,1,186,11,"Lower body, Upper body",4.25,4.25,4.25,570,0,-2.5
21,1985-07-17,Goteborg,,SWE,SWE,74,183,L,2003,2,33,,30,Loui,Eriksson,BOS,BOS,RW/LW,82, , ,82,30,33,18,63,13,184,51,33,16.30%,11.20%,95850,19.5,1936,23.6,49.5,144,5.4,12,9,57.10%,,,13,7,8,5,100,22,34,51,27,48,3.8,0.8,1.3,1.9,1,1.8,12,6,0,0,0,0,68,2.2,1,0,0%,0,4,1,5,0,2,0,0,5,8,0,15,0,0,0%,6,2.2,8.2,0.1,0.31,6,34.9,29.8,14.6,11.8,3.7,-0.2,15.3,0.19,0.57,27.3,0,3,5,43,16,1,10,29,25,1,102,1,3,1,186,0,,4.5,4.25,4.25,0,0,7.4
26,1992-06-16,Long Beach,CA,USA,USA,73,212,L,2010,1,29,,23,Emerson,Etem,VAN,"NYR, VAN",RW/LW,19,39, ,58,7,8,6,15,-12,100,35,47,7.00%,3.80%,45762,13.2,1035,17.8,44.2,88,6.9,2,2,50.00%,,,1,0,3,2,103,87,43,35,20,20,8.1,6.8,3.4,2.8,1.6,1.6,11,3,1,0,0,0,142,3.6,1,1,100%,1,1,0,1,1,1,0,0,0,2,0,4,0,0,0%,0.4,0.4,0.7,0.01,0.06,5,15.5,15.5,-11.2,-0.4,0.4,0.5,0.4,0.01,0.03,25.5,0,1,1,33,10,6,1,6,9,6,62,0,1,1,186,1,Illness,0.85,0.85,0.85,10,0,-0.2
45,1991-12-31,Vasteras,,SWE,SWE,76,205,L,,,,,24,Dennis,Everberg,COL,COL,RW/C,15, , ,15,0,0,0,0,-5,9,3,4,0.00%,0.00%,8049,8.9,210,14,38.3,0,0,0,0,0.00%,,,,0,,0,9,11,12,3,3,0,4,4.9,5.4,1.3,1.3,0,0,0,0,0,0,0,23,1.7,,, ,,0,0,0,0,0,0,0,0,0,0,0,0,0,0%,-0.4,-0.1,-0.4,-0.03,-0.18,3,2.6,3.2,-4.8,-1.2,-0.1,0,-1.2,-0.08,-0.54,30.9,0,0,0,3,1,0,1,1,0,1,5,0,0,0,36,0,,0.625,0.613,0.119,0,0,-1.2
15,1996-01-22,Mississauga,ON,CAN,CAN,70,180,L,2014,1,21,Y,20,Robby,Fabbri,STL,STL,C,72, , ,72,18,19,8,37,-2,114,41,38,15.80%,9.30%,57521,13.3,1370,19,42,61,3.8,6,9,40.00%,,,9,5,6,1,74,51,9,41,20,27,4.6,3.2,0.6,2.6,1.3,1.7,25,10,1,0,0,0,86,6.1,4,0,0%,0,6,0,3,1,2,0,1,3,0,0,12,0,0,0%,3.5,1.1,4.6,0.06,0.29,3,23.5,20,-3.9,5.6,1.1,-0.9,5.9,0.08,0.37,27.1,1,2,2,36,7,0,10,9,2,1,85,0,4,2,186,10,"Lower body, Concussion",0.925,0.894,1.107,135,0,4.7
12,1994-01-09,Vitkov,,CZE,CZE,75,210,L,2012,1,13,Y,22,Radek,Faksa,DAL,DAL,C,44, , ,45,5,7,2,12,9,67,33,16,7.50%,4.30%,33355,12.4,834,18.5,40,25,2.7,197,204,49.10%,7,3,242,117,159,80,52,48,33,33,9,20,5.6,5.2,3.6,3.6,1,2.2,16,8,0,0,0,0,97,3.7,,, ,,0,0,1,0,0,0,0,1,0,0,4,0,0,0%,0.4,0.9,1.3,0.03,0.14,4,10.3,10.9,6.4,0.6,1.9,0,2.5,0.06,0.27,25,0,3,1,29,4,2,6,7,6,0,42,0,0,0,106,0,,0.925,0.894,0.763,0,0.575,1.5
44,1988-10-11,Snowflake,MB,CAN,CAN,77,224,L,2007,4,110,,27,Justin,Falk,CBJ,CBJ,D,24, , ,24,0,4,4,4,2,16,9,19,0.00%,0.00%,20485,14.2,477,19.9,42.9,39,6.9,0,0,0.00%,,,,0,,0,45,37,38,9,9,3,7.9,6.5,6.7,1.6,1.6,0.5,17,5,1,0,0,0,93,2.4,,, ,,0,0,0,0,0,0,0,0,0,0,0,0,0,0%,0,0.9,0.9,0.04,0.16,4,6.5,7.5,3.5,-0.1,1,0,0.9,0.04,0.16,54.9,0,0,0,9,0,0,6,4,0,0,6,0,0,0,94,0,,0.6,0.6,0.303,0,0,0.8
23,1989-01-21,North Andover,MA,USA,USA,70,190,L,,,,,27,Bobby,Farnham,NJD,"PIT, NJD",LW,3,50, ,53,8,2,1,10,-2,50,23,13,16.00%,9.30%,29616,9.3,704,13.3,42.1,15,1.8,2,2,50.00%,,,3,1,1,1,79,93,19,23,7,11,9.6,11.3,2.3,2.8,0.9,1.3,97,15,7,3,0,0,216,5.1,,, ,,0,0,0,0,3,0,0,2,0,0,3,0,0,0%,0.7,0.6,1.3,0.02,0.16,3,9.5,9.1,-0.2,0.7,1.2,0,1.9,0.04,0.23,28.9,0,2,3,18,7,0,4,15,2,1,21,1,0,1,186,8,Upper body,0.575,0.575,0.575,56,0,1.8
52,1995-07-28,Milwaukee,WI,USA,USA,74,216,R,2013,4,118,Y,20,Hudson,Fasching,BUF,BUF,RW,7, , ,7,1,1,1,2,2,9,5,1,11.10%,6.70%,4839,11.5,112,16,43.2,9,6.7,0,0,0.00%,,,,0,,0,4,8,1,5,2,4,3,6,0.7,3.7,1.5,3,4,2,0,0,0,0,13,-2.1,,, ,,0,0,0,0,0,0,0,0,0,0,1,0,0,0%,0.1,0.2,0.3,0.04,0.22,1,1.7,1.7,2.4,0.2,0.4,0,0.6,0.09,0.45,22.6,0,0,0,5,1,0,0,1,1,0,6,0,0,1,20,0,,0.925,1.35,0.145,0,0,0.4
19,1991-12-02,Nassjo,,SWE,SWE,72,188,R,2010,6,157,,24,Jesper,Fast,NYR,NYR,RW/LW,78, , ,79,10,20,10,30,9,75,36,29,13.30%,7.10%,70807,14.9,1737,22,40.8,82,4.2,1,5,16.70%,,,5,1,1,0,116,109,55,37,18,35,5.9,5.5,2.8,1.9,0.9,1.8,18,9,0,0,0,0,182,3.9,,, ,,3,0,3,3,1,0,2,1,3,0,3,0,1,100%,1.3,1.5,2.7,0.03,0.14,8,21.4,27.6,1.9,2.9,3.2,0,6.1,0.08,0.31,26.4,0,1,4,31,6,5,4,10,12,1,37,1,0,0,186,1,Flu,0.9,0.95,0.95,12,0,5.2
27,1992-03-20,South St.Paul,MN,USA,USA,72,215,R,2010,2,37,,23,Justin,Faulk,CAR,CAR,D,63, , ,64,16,21,10,37,-22,184,74,137,8.70%,4.10%,92331,24,1826,28.5,50.6,83,3.2,0,1,0.00%,,,1,0,,0,64,109,65,74,42,45,2.5,4.2,2.5,2.9,1.6,1.8,27,11,1,0,0,0,202,3.3,,, ,,3,0,4,0,0,0,7,3,0,0,6,0,0,0%,4.1,2.3,6.4,0.1,0.25,7,39.4,36.3,-11.8,6.6,3,0,9.6,0.15,0.37,48.7,2,4,7,61,7,0,82,52,1,0,42,1,6,3,186,18,"Undisclosed, Leg",3.5,4.833,4.833,1061,0,0.5
5,1987-05-15,Nashua,NH,USA,USA,75,212,R,2005,5,155,,28,Mark,Fayne,EDM,EDM,D,68, , ,69,2,5,2,7,-6,61,33,40,3.30%,1.50%,69208,16.7,1716,24.9,40.3,19,1,0,0,0.00%,,,,0,,0,115,53,100,33,36,13,6,2.8,5.2,1.7,1.9,0.7,18,9,0,0,0,0,171,-1.4,,, ,,1,0,0,0,0,0,1,0,0,0,1,0,0,0%,-0.4,2.2,1.8,0.03,0.09,3,20.3,29.2,1.1,-2,3.4,0,1.4,0.02,0.07,53.9,0,0,6,27,5,0,22,12,0,0,22,0,0,0,186,0,,3.5,3.625,3.574,0,0,-5
58,1988-06-04,Edmonton,AB,CAN,CAN,72,200,R,,,,,27,Taylor,Fedun,VAN,VAN,D,1, , ,1,0,1,1,1,1,0,0,0,0.00%,0.00%,1128,18.8,23,23,49,6,19.1,0,0,0.00%,,,,0,,0,0,3,3,0,0,0,0,9.6,9.6,0,0,0,0,0,0,0,0,0,6,0.1,,, ,,0,0,0,0,0,0,0,0,0,0,0,0,0,0%,0.1,0.1,0.2,0.2,0.64,7,0.2,0.3,1.1,0.3,0.2,0,0.5,0.5,1.6,0,0,0,0,0,0,0,0,0,0,0,0,0,0,0,4,0,,0.6,0.6,0.013,0,0,0.5
16,1985-09-07,Winkler,MB,CAN,CAN,76,212,R,2003,1,18,,30,Eric,Fehr,PIT,PIT,C,55, , ,55,8,6,1,14,0,74,24,27,10.80%,6.40%,43084,13.1,1131,20.6,38.1,18,1.5,107,135,44.20%,1,1,177,78,65,29,42,60,45,24,11,30,3.5,5,3.8,2,0.9,2.5,19,7,1,0,0,0,125,2.1,,, ,,0,0,2,2,1,0,0,0,1,0,6,0,0,0%,0.5,0.7,1.2,0.02,0.1,4,12.7,18.4,-7.1,0.6,2.8,0,3.5,0.06,0.29,27.7,0,1,2,21,7,0,3,10,5,0,49,0,2,0,186,27,"Lower body, Elbow",2,2,2,659,0,0.4
21,1979-03-17,Edmonton,AB,CAN,CAN,71,182,L,1997,8,208,,36,Andrew,Ference,EDM,EDM,D,6, , ,6,0,0,0,0,-4,4,2,5,0.00%,0.00%,4701,13.1,111,18.5,42.4,0,0,0,0,0.00%,,,,0,,0,7,10,5,2,2,0,5.4,7.7,3.8,1.5,1.5,0,6,3,0,0,0,0,21,-2.7,,, ,,0,0,0,0,0,0,0,0,0,0,0,0,0,0%,-0.1,-0.2,-0.3,-0.05,-0.23,2,1.9,2.4,-3.3,-0.4,-0.3,0,-0.7,-0.12,-0.54,57.8,0,0,0,2,0,0,1,0,0,0,3,0,0,0,186,56,"Hip, Undisclosed, Flu",3.75,3.25,3.25,2220,0,-6.4
79,1992-04-20,Swan River,MB,CAN,CAN,74,208,L,2010,5,133,,23,Micheal,Ferland,CGY,CGY,LW,0, , ,71,4,14,7,18,-15,122,38,29,3.30%,2.10%,53730,12.6,1429,20.1,37.6,101,6.8,7,5,58.30%,,,7,4,5,3,59,207,22,38,25,37,4,13.9,1.5,2.5,1.7,2.5,45,15,3,0,0,0,277,-5.1,,, ,,0,0,0,0,0,1,0,0,0,0,3,0,0,0%,-0.1,0.2,0.2,0,0.01,3,19.5,17.6,-9.6,-2,0.7,0,-1.4,-0.02,-0.09,25.3,1,1,7,29,16,2,5,22,5,2,70,0,2,1,186,11,"Upper body, Knee",0.75,0.825,0.825,111,0,-2
29,1991-08-08,Trail,BC,CAN,CAN,72,186,R,2009,2,32,Y,24,Landon,Ferraro,BOS,"DET, BOS",C/RW,10,58, ,68,5,5,3,10,-11,77,30,25,6.50%,3.80%,43294,10.6,1050,15.4,41.2,51,4.2,29,57,33.70%,,,57,16,29,13,71,101,29,30,17,16,5.9,8.4,2.4,2.5,1.4,1.3,27,6,3,0,0,0,160,0.2,,, ,,2,0,1,0,0,0,1,1,1,0,2,0,0,0%,-0.3,0.3,0,0,0,4,12,15.2,-12.4,-1,1,0,0,0,0,28.9,0,0,2,28,9,0,4,18,5,2,39,1,0,0,186,9,"Knee, Lower body",0.6,0.6,0.6,66,0,-0.1
56,1996-07-22,St. Gallen,,CHE,CHE,70,193,L,2014,1,11,Y,19,Kevin,Fiala,NSH,NSH,LW/RW,5, , ,5,1,0,0,1,0,11,5,3,9.10%,5.30%,3946,13.2,86,17.2,45.9,0,0,0,0,0.00%,,,,0,,0,2,2,2,5,3,0,1.8,1.8,1.8,4.6,2.7,0,0,0,0,0,0,0,4,0.9,,, ,,1,0,0,0,0,0,0,1,0,0,0,0,0,0%,0,0.1,0.1,0.02,0.09,4,0.7,0.6,0,0.2,0.1,0,0.3,0.06,0.27,28.3,0,0,0,5,0,0,1,2,0,0,8,0,0,0,15,0,,0.925,0.894,0.112,0,0.5,0.2
38,1980-05-09,Edmonton,AB,CAN,CAN,71,205,L,,,,,35,Vernon,Fiddler,DAL,DAL,C,81, , ,82,12,10,4,22,5,98,55,34,12.20%,6.40%,57270,11.6,1507,18.4,38,45,2.8,455,442,50.70%,8,1,577,285,320,170,90,42,39,55,15,24,5.7,2.6,2.5,3.5,0.9,1.5,31,13,1,0,0,0,113,1.3,1,0,0%,0,1,0,0,3,4,0,1,0,1,1,5,0,0,0%,1.2,1.1,2.3,0.03,0.14,4,15.5,22.3,-1.7,3.1,3.9,-0.2,6.9,0.08,0.43,32,0,1,2,52,19,2,5,12,2,4,54,1,1,1,186,0,,1.5,1.25,1.25,0,0,5.4
51,1984-03-20,Vantaa,,FIN,FIN,72,196,L,2002,3,95,,31,Valtteri,Filppula,TBL,TBL,C/LW,75, , ,76,8,23,12,31,-6,101,27,35,7.90%,4.90%,83251,18.3,1697,22.3,49.1,165,7.1,632,584,52.00%,44,25,675,364,541,268,100,30,25,27,37,30,4.3,1.3,1.1,1.2,1.6,1.3,46,23,0,0,0,0,101,-10.6,4,2,50%,1,1,0,2,1,0,0,1,0,0,0,7,0,1,100%,0.6,1.3,2,0.03,0.09,5,26.9,25.4,-8.5,0.7,2.3,0.5,3.5,0.05,0.15,30.3,0,1,8,18,14,2,8,3,2,0,72,0,2,1,186,6,Upper body,6,5,5,366,0,-6
12,1980-06-05,Peterborough,ON,CAN,CAN,73,216,R,1998,2,44,,35,Mike,Fisher,NSH,NSH,C,69, , ,70,13,10,7,23,-14,98,36,53,13.30%,7.00%,72085,17.2,1658,23.7,43.5,92,4.6,668,582,53.40%,22,13,821,442,429,226,54,142,74,36,14,21,2.7,7.1,3.7,1.8,0.7,1,29,12,1,0,0,0,246,-7.7,,, ,,5,0,2,0,2,1,0,5,0,0,5,0,0,0%,0.7,0.8,1.5,0.02,0.07,7,25.5,24.8,-15,-1.1,1.7,0,0.6,0.01,0.03,26.8,1,2,6,27,18,3,3,15,3,2,54,2,1,2,186,11,Lower body,4.8,4.4,4.4,590,0,-7.6
12,1984-05-16,Koprivnice,,CZE,CZE,73,192,L,2002,2,63,,31,Tomas,Fleischmann,CHI,"MTL, CHI",LW/RW,57,19, ,76,14,11,8,25,-8,123,38,52,11.40%,6.60%,69374,15.2,1696,22.3,40.9,109,5.7,24,19,55.80%,,,29,16,14,8,80,40,19,38,16,38,4.2,2.1,1,2,0.8,2,32,16,0,0,0,0,91,-3.4,,, ,,2,0,3,0,1,0,2,2,0,0,9,0,0,0%,1.1,1,2.1,0.03,0.11,2,21.6,24.6,-7.9,1.3,2.3,0,3.6,0.05,0.19,30,0,2,7,29,8,2,20,14,3,0,76,0,2,1,186,0,,0.75,0.75,0.75,0,0,3.2
32,1988-07-26,Lynnfield,MA,USA,USA,73,183,R,,,,,27,Brian,Flynn,MTL,MTL,C,56, , ,56,4,6,3,10,-3,73,19,16,5.50%,3.70%,39423,11.7,1115,19.9,35.4,42,3.8,200,146,57.80%,1,1,250,146,96,54,32,23,33,19,11,20,2.9,2.1,3,1.7,1,1.8,6,3,0,0,0,0,62,0.3,3,1,33%,0,1,0,0,1,1,0,0,0,0,0,3,0,0,0%,-0.3,0.6,0.3,0.01,0.03,4,10.6,13.4,-3.1,-0.7,1.8,0,1.1,0.02,0.1,35.4,0,0,0,19,14,0,3,7,3,0,46,0,0,0,186,25,Lower body,0.95,0.95,0.95,290,0,0.2
82,1991-08-10,Buffalo,NY,USA,CAN,75,226,L,2009,4,104,,24,Marcus,Foligno,BUF,BUF,LW/C,75, , ,75,10,13,7,23,4,81,32,24,12.30%,7.30%,59330,13.2,1385,18.5,42.8,74,4.5,1,3,25.00%,,,1,1,3,0,87,193,44,32,17,30,5.3,11.7,2.7,1.9,1,1.8,79,16,5,2,0,0,321,7.1,1,0,0%,0,1,0,2,1,1,0,1,0,1,0,7,1,1,100%,1,1.5,2.5,0.03,0.15,5,20.5,20.6,8.2,0.9,3,-0.2,3.8,0.05,0.23,29.9,0,4,4,24,5,2,4,9,6,2,53,2,0,2,186,5,"Lower body, Upper body",2.25,1.875,1.875,114,0,1
71,1987-10-31,Buffalo,NY,USA,USA,72,210,L,2006,1,28,,28,Nick,Foligno,CBJ,CBJ,LW/RW,71, , ,72,12,25,13,37,-14,149,52,43,8.10%,4.90%,72972,16.9,1523,21.2,47.9,126,6.2,83,93,47.20%,2,0,105,46,71,37,85,152,46,52,25,27,4.2,7.5,2.3,2.6,1.2,1.3,53,19,3,0,0,0,254,8.8,1,0,0%,0,2,0,2,0,0,1,0,6,2,1,2,0,0,0%,2.2,0.7,2.9,0.04,0.14,5,26.3,21.2,-6.2,3.5,0.3,-0.2,3.5,0.05,0.17,25.4,0,2,6,44,22,5,5,42,14,7,54,2,2,2,186,10,"Illness, Upper body, Undisclosed",5.5,5.5,5.5,671,0,-7
5,1991-02-09,Gothenburg,,SWE,SWE,75,214,R,,,,,24,Christian,Folin,MIN,MIN,D,25, , ,26,0,4,2,4,-1,14,5,17,0.00%,0.00%,22745,14.6,529,20.3,43,25,4,0,0,0.00%,,,,0,,0,46,38,30,5,10,4,7.3,6,4.7,0.8,1.6,0.6,11,3,1,0,0,0,80,0.4,,, ,,0,0,0,0,0,0,0,0,0,0,0,0,0,0%,0,0.8,0.8,0.03,0.13,3,5.7,8,-2.2,0.1,0.8,0,0.9,0.03,0.14,63.9,0,0,0,5,0,0,9,2,0,0,3,0,1,0,88,4,Lower body,0.6,0.725,0.343,35,0,0.7
14,1987-11-06,Bonnyville,AB,CAN,CAN,70,174,R,,,,,28,Justin,Fontaine,MIN,MIN,RW,59, , ,60,5,11,7,16,3,54,25,17,9.30%,5.20%,42680,11.9,1023,17.1,41.7,66,5.6,1,3,25.00%,,,4,1,,0,38,9,24,25,12,17,3.2,0.8,2,2.1,1,1.4,20,10,0,0,0,0,53,0.4,,, ,,0,0,1,0,0,0,0,1,1,0,3,0,0,0%,0.4,1,1.4,0.02,0.12,3,14.8,16.4,1.2,-0.1,2.5,0,2.3,0.04,0.19,32.8,0,3,2,20,4,3,7,4,5,0,31,0,0,1,186,13,"Knee, Upper body",1.05,1,1,159,0,1.3
24,1992-03-04,Duluth,MN,USA,USA,76,212,L,2010,1,15,Y,23,Derek,Forbort,LAK,LAK,D,14, , ,14,1,1,0,2,-1,14,4,12,7.10%,3.30%,9278,11,233,16.6,39.8,0,0,0,0,0.00%,,,,0,,0,17,9,7,4,3,0,6.6,3.5,2.7,1.6,1.2,0,17,6,1,0,0,0,34,-5.4,,, ,,0,0,0,0,0,1,0,0,0,0,0,0,0,0%,0.1,0.3,0.4,0.03,0.16,1,2.8,4.1,-2,0.2,0.3,0,0.5,0.04,0.19,50.7,0,0,1,3,0,1,3,3,0,0,7,0,0,0,88,3,Illness,0.9,0.863,0.426,32,0,0.1
9,1994-08-13,Ostervala,,SWE,SWE,73,205,R,2012,1,11,,21,Filip,Forsberg,NSH,NSH,LW/RW,81, , ,82,33,31,14,64,1,247,128,115,13.40%,6.70%,93739,19.1,2048,25,45.8,115,4.4,2,7,22.20%,,,3,2,6,0,101,114,41,128,52,72,3.9,4.4,1.6,4.9,2,2.8,47,16,1,1,0,0,203,10,6,2,33%,1,5,0,3,2,3,0,1,6,3,0,20,0,0,0%,6.7,1.8,8.5,0.1,0.33,7,38.4,35.1,-0.1,11.3,4.2,0,15.6,0.19,0.6,29.4,3,7,17,101,20,2,19,49,10,2,145,7,7,3,186,0,,0.833,0.894,1.461,0,0.7,13.7
4,1991-12-05,Windsor,ON,CAN,USA,73,207,L,2010,1,12,,24,Cam,Fowler,ANA,ANA,D,69, , ,69,5,23,11,28,-8,113,45,93,4.40%,2.00%,94312,22.8,1842,26.7,51.2,93,3.5,0,0,0.00%,,,,0,,0,118,43,112,45,32,17,4.5,1.6,4.3,1.7,1.2,0.6,27,11,1,0,0,0,183,1.2,,, ,,4,0,0,0,0,0,1,2,1,0,1,0,0,0%,1.8,3.4,5.2,0.08,0.2,6,39.9,36.8,-9,1.3,3.6,0,4.9,0.07,0.19,46.1,1,1,3,40,3,0,52,9,1,0,48,1,2,3,186,13,Knee,4,4,4,634,0,-2.4
46,1987-08-08,Sicamous,BC,CAN,CAN,77,234,R,2005,3,79,,28,Cody,Franson,BUF,BUF,D,59, , ,59,4,13,6,17,-5,92,34,63,4.30%,2.10%,59604,16.8,1414,24,42.2,75,4.5,0,0,0.00%,,,,0,,0,39,61,56,34,31,14,2.4,3.7,3.4,2.1,1.9,0.8,26,13,0,0,0,0,143,-4.7,,, ,,0,0,1,0,0,0,2,0,1,0,1,0,0,0%,1.2,2.1,3.3,0.06,0.2,1,18.4,17.9,-1.5,2.6,1.5,0,4.1,0.07,0.25,52.7,0,2,3,29,2,1,31,22,1,0,35,0,0,0,186,23,Neck,4,3.325,3.325,933,0,-1.8
93,1979-12-23,Vetlanda,,SWE,SWE,76,232,L,2004,3,97,,36,Johan,Franzen,DET,DET,RW/LW,2, , ,2,0,1,1,1,0,3,2,1,0.00%,0.00%,1554,13,37,18.5,42,1,2.3,0,1,0.00%,,,1,0,,0,0,3,0,2,0,0,0,6.9,0,4.6,0,0,2,1,0,0,0,0,5,0,,, ,,0,0,0,0,0,0,0,0,0,0,0,0,0,0%,0,0,0.1,0.05,0.23,2,0.4,0.1,0.1,0.2,0,0,0.2,0.1,0.46,23,0,1,0,1,1,0,0,1,0,0,1,0,0,0,186,80,Concussion,5,3.955,3.955,3858,0,-7
,1992-11-20,Skovde,,SWE,SWE,71,200,R,2011,5,143,Y,23,Max,Friberg,ANA,ANA,RW/LW,5, , ,5,0,0,0,0,-1,1,3,2,0.00%,0.00%,2652,8.8,69,13.8,38.4,0,0,0,0,0.00%,,,,0,,0,4,7,2,3,0,0,5.4,9.5,2.7,4.1,0,0,2,1,0,0,0,0,11,-1.1,,, ,,0,0,0,0,0,0,0,0,0,0,0,0,0,0%,-0.1,0,-0.1,-0.02,-0.14,2,0.5,0.5,-1,-0.2,0,0,-0.3,-0.06,-0.41,35,0,0,1,2,0,0,0,0,0,0,1,0,0,0,13,0,,0.575,0.632,0.041,0,0,-0.3
56,1991-01-30,St. Catharines,ON,CAN,CAN,69,186,L,2010,6,172,Y,25,Alex,Friesen,VAN,VAN,C,1, , ,1,0,0,0,0,-2,1,0,1,0.00%,0.00%,703,11.7,17,17,41.4,0,0,0,1,0.00%,,,,0,1,0,1,1,0,0,0,1,5.1,5.1,0,0,0,5.1,0,0,0,0,0,0,1,0,,, ,,0,0,0,0,0,0,0,0,0,0,0,0,0,0%,0,-0.1,-0.1,-0.1,-0.51,2,0.5,0.5,-1.8,-0.2,-0.1,0,-0.4,-0.4,-2.05,22,0,0,0,0,1,0,0,0,0,0,0,0,0,0,12,0,,0.575,0.575,0.037,0,0,-0.4
56,1991-03-12,Winkler,MB,CAN,CAN,72,199,R,2009,4,119,Y,24,Byron,Froese,TOR,TOR,C,55, , ,56,2,3,3,5,-11,64,29,25,3.10%,1.70%,42424,12.6,1112,19.9,38.2,51,4.3,310,332,48.30%,,,450,208,192,102,74,51,23,29,10,20,6.3,4.3,2,2.5,0.8,1.7,16,8,0,0,0,0,90,-3,,, ,,0,0,0,0,1,0,0,1,0,0,0,0,0,0%,-1.2,0.4,-0.8,-0.01,-0.07,3,11.9,17.1,-8.7,-3.3,1.9,0,-1.3,-0.02,-0.11,33.3,2,0,1,26,7,0,8,11,5,2,31,0,0,0,4,20,"Hand, Lower body",0.575,0.575,0.012,140,0,-1.3
67,1988-02-17,Kladno,,CZE,CZE,73,194,L,2006,1,10,,27,Michael,Frolik,CGY,CGY,RW,63, , ,64,15,17,9,32,1,155,37,77,9.70%,5.60%,60706,15.8,1485,23.2,40.9,88,5.2,5,5,50.00%,,,6,4,4,1,75,49,44,37,21,27,4.4,2.9,2.6,2.2,1.2,1.6,24,12,0,0,0,0,117,-3.3,,, ,,4,0,4,1,2,1,0,2,1,0,9,0,0,0%,2.4,1,3.4,0.05,0.2,6,19,22.8,3.6,4.9,2.9,0,7.8,0.12,0.46,29.8,0,0,0,37,15,2,9,25,7,3,94,2,0,3,186,18,"Lower body, Upper body",5.5,4.3,4.3,944,0,-0.2
12,1982-02-14,Trencin,,SVK,SVK,73,205,L,2000,1,3,,33,Marian,Gaborik,LAK,LAK,RW/LW,54, , ,54,12,10,7,22,-6,142,42,29,8.50%,5.60%,48420,14.9,1048,19.4,46.2,98,7.3,1,2,33.30%,,,2,1,1,0,57,29,17,42,18,13,4.2,2.2,1.3,3.1,1.3,1,20,9,0,0,0,0,66,0.3,2,2,100%,1,4,2,3,1,1,0,0,4,0,0,7,0,1,100%,1.6,0.6,2.2,0.04,0.16,5,18.7,15.4,-10,1.4,0.7,0.9,3,0.06,0.22,26.9,0,1,1,40,17,0,5,19,10,1,90,4,0,1,186,28,Knee,6.075,4.875,4.875,1665,0,-6.2
63,1993-04-20,Newmarket,ON,CAN,CAN,76,212,R,2013,3,81,Y,22,Kurtis,Gabriel,MIN,MIN,RW,3, , ,3,0,0,0,0,1,1,0,0,0.00%,0.00%,809,4.5,20,6.7,40.5,0,0,0,0,0.00%,,,,0,,0,1,4,0,0,0,1,4.4,17.8,0,0,0,4.4,10,0,2,0,0,0,16,0,,, ,,0,0,0,0,0,0,0,0,0,0,0,0,0,0%,0,0.1,0,0,0,2,0.4,0.4,-1,-0.2,0,0,-0.2,-0.07,-0.89,55,0,0,0,0,0,0,0,0,0,0,1,0,0,0,8,0,,0.65,0.667,0.032,0,0.1,-0.2
89,1989-08-10,London,ON,CAN,CAN,71,202,R,2007,1,6,,26,Sam,Gagner,PHI,PHI,C,52, , ,53,8,8,4,16,4,86,36,39,9.30%,5.00%,44077,13.9,974,18.4,45.3,49,4,34,63,35.10%,,,64,19,33,15,61,17,15,36,13,20,5,1.4,1.2,2.9,1.1,1.6,25,5,1,1,0,0,58,0.5,6,2,33%,0,3,0,2,0,1,0,2,1,1,0,3,0,0,0%,0.6,1,1.6,0.03,0.13,5,13.8,11.9,4.4,0.7,1.5,0,2.3,0.04,0.19,38.6,1,2,2,31,11,0,15,12,5,2,42,0,2,2,372,13,"Upper body, Concussion",5,4.8,4.689,507,0,-5.3
27,1994-02-12,Milwaukee,WI,USA,USA,73,207,L,2012,1,3,,21,Alex,Galchenyuk,MTL,MTL,C/LW,82, , ,82,30,26,16,56,-8,201,80,79,14.90%,8.30%,79996,16.3,1831,22.3,43.7,137,6.2,359,390,47.90%,8,4,511,239,238,120,124,62,36,80,36,31,5.6,2.8,1.6,3.6,1.6,1.4,20,9,0,0,0,0,118,6.3,8,1,13%,0,4,1,4,0,3,2,5,9,1,0,10,0,0,0%,5.8,1.2,7,0.09,0.32,6,35.6,28.3,1.9,8.4,1.4,-1.1,8.8,0.11,0.4,27.2,3,4,10,63,15,3,19,27,11,3,123,7,6,3,186,0,,2.5,2.8,2.8,0,0,4
49,1992-01-17,Moscow,,RUS,RUS,73,187,R,2010,3,86,Y,24,Stanislav,Galiev,WSH,WSH,RW,24, , ,24,0,3,3,3,2,30,16,10,0.00%,0.00%,13133,9.1,285,11.9,46.1,44,12.1,0,0,0.00%,,,,0,,0,21,14,4,16,8,6,5.8,3.8,1.1,4.4,2.2,1.6,4,2,0,0,0,0,22,-1.3,,, ,,0,0,0,0,0,0,0,0,0,0,0,0,0,0%,-0.3,0.3,0,0,0,1,3.6,3.2,1,-0.6,0.4,0,-0.1,0,-0.03,36.8,0,1,3,12,2,0,2,3,0,0,23,0,0,0,186,0,,0.575,0.575,0.575,0,0,-0.2
11,1992-05-06,Edmonton,AB,CAN,CAN,69,184,R,2010,5,147,,23,Brendan,Gallagher,MTL,MTL,RW,53, , ,53,19,21,12,40,13,173,42,60,11.00%,6.90%,52712,16.6,1241,23.4,42.5,90,6.1,12,17,41.40%,,,21,10,8,2,109,43,25,42,14,30,7.4,2.9,1.7,2.9,1,2,24,11,0,0,0,0,92,9.7,,, ,,5,0,0,1,1,2,1,2,4,0,9,0,1,100%,4.1,1.5,5.6,0.11,0.38,6,23.9,17.3,20.8,6.3,2.4,0,8.6,0.16,0.59,24.2,0,3,5,34,20,5,6,16,26,0,100,1,3,1,186,29,"Lower body, Finger",5.5,3.75,3.75,1326,0,1.8
16,1985-08-12,Edmonton,AB,CAN,CAN,72,195,L,,,,,30,Ryan,Garbutt,ANA,"CHI, ANA",C/RW/LW,43,37, ,80,7,7,7,14,-11,135,61,46,5.20%,2.90%,52009,10.8,1325,16.6,39.3,130,9,1,7,12.50%,,,5,1,3,0,131,165,28,61,18,12,9.1,11.4,1.9,4.2,1.2,0.8,48,19,2,0,0,0,243,2.2,,, ,,0,0,3,0,1,0,1,2,0,0,3,0,0,0%,-0.1,0.6,0.5,0.01,0.03,3,17.1,18.6,-12.6,-1.6,1.5,0,-0.1,0,-0.01,32.8,0,2,7,52,16,1,20,9,7,1,81,0,0,0,372,2,Illness,1.8,1.8,1.8,22,0,-1.6
51,1990-07-04,Minnetonka,MN,USA,USA,74,197,L,2008,1,17,,25,Jake,Gardiner,TOR,TOR,D,78, , ,79,7,24,11,31,-15,122,86,112,5.70%,2.20%,97743,20.6,2183,27.6,44.8,129,4.8,2,0,100.00%,,,1,1,1,1,149,87,67,86,74,33,5.5,3.2,2.5,3.2,2.7,1.2,32,16,0,0,0,0,186,-3.9,,, ,,1,1,2,0,1,0,4,0,1,0,1,0,0,0%,2.2,2.5,4.7,0.06,0.17,4,35.9,29.2,-2.8,3.4,0.8,0,4.2,0.05,0.15,46,0,2,5,79,3,0,39,18,4,0,58,1,1,3,186,3,Lower body,4.05,4.05,4.05,148,0,-3.2
5,1984-11-13,White Rock,BC,CAN,CAN,74,223,L,,,,,31,Jason,Garrison,TBL,TBL,D,72, , ,72,5,6,3,11,-4,99,47,54,5.10%,2.50%,79763,18.5,1704,23.7,46.8,38,1.7,0,0,0.00%,,,,0,,0,96,88,105,47,45,15,4.3,4,4.7,2.1,2,0.7,18,9,0,0,0,0,211,-1,,, ,,1,1,1,0,1,0,0,0,0,0,4,0,0,0%,0.2,2.6,2.8,0.04,0.13,3,21.2,30.3,-10.7,-0.1,3.4,0,3.3,0.05,0.15,53.2,0,1,5,41,1,0,57,9,1,0,31,2,0,0,186,10,Lower body,4.5,4.6,4.6,561,0,-5.3
32,1993-04-04,Hamilton,ON,CAN,CAN,75,205,L,,,,Y,22,Tyler,Gaudet,ARI,ARI,C,13, , ,14,1,2,1,3,-2,6,5,3,16.70%,7.10%,8904,10.6,192,13.7,46.4,13,5.3,43,49,46.70%,,,51,24,41,19,17,23,4,5,3,2,6.9,9.3,1.6,2,1.2,0.8,0,0,0,0,0,0,27,0.6,,, ,,0,0,0,0,0,0,0,0,0,0,1,0,0,0%,0,0.1,0.1,0.01,0.04,3,3.3,3.8,-1.8,-0.2,0.2,0,0,0,0,33.5,0,0,0,5,0,0,0,0,2,0,4,0,0,0,39,0,,0.925,0.925,0.17,0,0,-0.1
13,1993-08-13,Salem,NJ,USA,USA,69,157,L,2011,4,104,,22,Johnny,Gaudreau,CGY,CGY,LW,78, , ,79,30,48,31,78,4,217,70,84,13.80%,8.10%,94471,19.9,1970,24.9,48,261,9.9,2,3,40.00%,,,4,2,1,0,63,26,10,70,90,41,2.4,1,0.4,2.7,3.4,1.6,20,10,0,0,0,0,56,15.5,5,1,20%,1,5,3,6,2,4,0,1,4,1,0,20,0,0,0%,7.5,1.7,9.2,0.12,0.35,6,38.7,30.5,18,14.2,3.7,-0.4,17.5,0.22,0.67,26.5,3,5,11,51,22,1,12,21,8,2,151,7,3,5,186,2,Upper body,0.925,0.925,1.85,68,1.85,14.7
50,1994-03-25,Sudbury,ON,CAN,CAN,74,207,L,2012,1,26,Y,21,Brendan,Gaunce,VAN,VAN,C,20, , ,20,1,0,0,1,-9,34,9,9,2.90%,1.90%,15310,12.8,356,17.8,43,0,0,49,58,45.80%,,,68,27,39,22,17,34,3,9,7,11,4,8,0.7,2.1,1.6,2.6,2,1,0,0,0,0,39,-0.5,,, ,,0,0,0,0,0,1,0,0,0,0,0,0,0,0%,-0.5,-0.1,-0.5,-0.03,-0.12,2,4.3,5.7,-7.9,-1.4,0,0,-1.4,-0.07,-0.33,28.2,0,1,2,6,3,1,0,6,1,2,21,0,0,0,47,0,,0.833,0.863,0.259,0,0.163,-1.7
28,1982-02-03,Fargo,ND,USA,USA,77,227,L,2000,7,220,,34,Paul,Gaustad,NSH,NSH,C,62, , ,63,2,4,2,6,-4,46,13,12,4.30%,2.80%,42495,11.2,1135,18,37.4,0,0,427,345,55.30%,2,2,492,276,280,151,46,114,33,13,14,14,3.9,9.7,2.8,1.1,1.2,1.2,46,8,6,0,0,0,199,-3.9,,, ,,0,0,0,0,1,1,0,0,0,0,0,0,0,0%,-1.1,0.6,-0.4,-0.01,-0.03,4,11.8,19,-7.3,-2.9,2.9,0,0,0,0,29.5,0,0,3,10,7,1,3,5,1,4,25,0,0,1,186,19,"Upper body, Lower body",3,3.25,3.25,753,0,-5.7
54,1995-04-26,St-Lin,QC,CAN,CAN,77,238,L,2013,1,21,Y,20,Frederik,Gauthier,TOR,TOR,C,7, , ,7,0,1,1,1,-5,3,4,0,0.00%,0.00%,5815,13.8,142,20.3,41,5,3.1,52,58,47.30%,2,1,85,38,25,14,11,10,7,4,1,1,6.8,6.2,4.3,2.5,0.6,0.6,0,0,0,0,0,0,17,1.7,,, ,,0,0,0,0,0,0,0,0,0,0,0,0,0,0%,-0.2,-0.1,-0.3,-0.04,-0.19,5,2.6,2.5,-4.1,-0.8,-0.2,0,-1,-0.14,-0.62,57.7,1,0,0,3,1,0,0,1,0,0,1,0,0,0,11,0,,0.925,0.894,0.051,0,0,-1
20,1989-07-25,Toronto,ON,CAN,CAN,76,225,L,2007,6,172,,26,Luke,Gazdic,EDM,EDM,LW,29, , ,29,1,0,0,1,-6,18,3,6,5.60%,3.70%,10784,6.2,284,9.8,38,0,0,0,1,0.00%,,,1,0,,0,20,35,9,3,1,2,6.7,11.7,3,1,0.3,0.7,24,2,4,0,0,0,72,0.7,,, ,,0,0,0,0,0,0,0,0,0,0,1,0,0,0%,-0.3,0,-0.3,-0.01,-0.1,4,4.4,4.2,-4.6,-1.5,-0.1,0,-1.5,-0.05,-0.5,35.3,0,1,1,1,1,0,1,4,1,0,11,0,0,0,161,2,Undisclosed,0.85,0.8,0.692,20,0,-2
44,1991-05-08,Vanier,ON,CAN,CAN,76,215,L,2009,2,54,,24,Eric,Gelinas,COL,"NJD, COL",D,34,6, ,40,1,5,3,6,-6,55,24,39,1.80%,0.80%,33203,13.8,747,18.7,44.4,39,4.2,0,0,0.00%,,,,0,,0,73,61,23,24,20,7,7.9,6.6,2.5,2.6,2.2,0.8,16,8,0,0,0,0,100,-3.5,,, ,,0,0,0,0,0,0,1,0,0,0,0,0,0,0%,0.1,1,1.2,0.03,0.13,1,13.5,11.1,-2.8,-0.9,0.6,0,-0.3,-0.01,-0.03,53.8,0,0,4,20,0,0,28,10,0,0,17,0,0,0,186,12,"Elbow, Back",1.5,1.575,1.575,230,0,-2.5
14,1987-07-24,Oxford,MI,USA,USA,65,178,L,2005,5,142,,28,Nathan,Gerbe,CAR,CAR,LW/RW,47, , ,47,3,4,2,7,-15,73,28,39,4.10%,2.10%,37957,13.5,879,18.7,43.2,32,3,2,3,40.00%,,,3,2,2,0,25,54,10,28,23,13,2.4,5.1,0.9,2.7,2.2,1.2,14,7,0,0,0,0,78,4,1,0,0%,0,0,0,0,1,0,0,0,0,1,0,2,0,0,0%,-0.6,0.2,-0.4,-0.01,-0.04,3,13,13.8,-11.6,-2.9,0.9,-0.2,-2.2,-0.05,-0.21,30.5,0,0,3,25,13,1,11,18,4,1,25,0,0,0,186,25,Lower body,2,1.75,1.75,534,0,-4.8
15,1985-05-10,Regina,SK,CAN,CAN,76,221,R,2003,1,19,,30,Ryan,Getzlaf,ANA,ANA,C,77, , ,77,13,50,30,63,14,178,98,75,7.30%,3.70%,90117,19.5,1889,24.5,47.7,261,10.4,602,617,49.40%,13,5,894,429,325,173,90,108,61,98,75,48,3.6,4.3,2.4,3.9,3,1.9,55,20,3,0,0,0,227,-9.5,1,1,100%,1,6,1,5,1,1,0,3,3,1,0,5,0,0,0%,4.4,2.6,7,0.09,0.28,5,35.3,31,12.2,8.5,4.6,0.5,13.6,0.18,0.54,36.8,3,2,5,88,19,2,30,18,11,0,98,4,2,2,186,5,"Lower body, Appendectomy",9.25,8.25,8.25,503,0,-2.8
77,1983-01-10,Bloomington,MN,USA,USA,74,202,R,2002,4,129,,33,Tom,Gilbert,MTL,MTL,D,45, , ,45,1,1,1,2,3,36,10,36,2.80%,1.20%,45532,16.9,1001,22.2,45.5,3,0.2,0,0,0.00%,,,,0,,0,140,29,88,10,39,6,11.1,2.3,7,0.8,3.1,0.5,12,6,0,0,0,0,129,-1.1,,, ,,0,0,0,0,0,0,0,0,1,0,0,0,0,0%,-0.6,1.9,1.3,0.03,0.1,2,11.4,17.2,2.5,-1.9,2.9,0,1,0.02,0.08,49.2,0,0,1,9,0,0,9,6,2,0,19,0,0,0,186,37,"Knee, Lower body",2.8,2.8,2.8,1263,0,-3.8
12,1979-01-18,Rochester,NY,USA,USA,67,178,R,1998,3,82,,37,Brian,Gionta,BUF,BUF,RW,79, , ,79,12,21,15,33,-5,169,51,55,7.10%,4.40%,84052,17.7,1778,22.5,47.3,216,9.3,54,66,45.00%,,,89,40,31,14,75,46,36,51,21,31,3.2,2,1.5,2.2,0.9,1.3,12,6,0,0,0,0,94,-1,1,0,0%,0,4,1,2,1,0,1,2,1,5,0,3,0,0,0%,1.3,1.7,2.9,0.04,0.12,4,26,26.5,-1.3,2.5,3.1,-0.2,5.3,0.07,0.23,36,0,3,4,44,11,5,32,22,20,1,78,2,1,0,186,3,Lower body,4.25,4.25,4.25,155,0,-2.6
11,1983-10-09,Rochester,NY,USA,USA,67,175,R,,,,,32,Stephen,Gionta,NJD,NJD,C/RW,81, , ,82,1,10,6,11,-13,62,26,22,1.60%,0.90%,60076,12.2,1395,17,43.1,99,5.9,291,400,42.10%,6,2,461,193,230,98,89,113,36,26,8,17,5.3,6.8,2.2,1.6,0.5,1,43,14,1,0,1,0,193,-5.5,,, ,,0,0,0,0,1,0,0,0,0,0,0,0,0,0%,-1.4,1,-0.5,-0.01,-0.03,4,17.5,22.6,-11.5,-3.7,2.8,0,-0.9,-0.01,-0.05,25.5,0,2,3,21,9,0,1,21,5,1,25,0,1,1,186,0,,0.85,0.85,0.85,0,0,-1.5
5,1983-10-03,Toronto,ON,CAN,CAN,72,198,L,,,,,32,Mark,Giordano,CGY,CGY,D,81, , ,82,21,35,17,56,-5,212,84,177,9.90%,4.40%,121981,24.8,2497,30.5,48.9,157,4.6,0,0,0.00%,,,,0,,0,108,65,193,84,68,45,3.2,1.9,5.7,2.5,2,1.3,54,27,0,0,0,0,312,3,,, ,,0,1,2,0,1,1,4,2,1,0,12,0,0,0%,5.9,3.2,9.2,0.11,0.27,8,49.2,45.4,3.7,11,3.9,0,15,0.18,0.44,45.6,2,4,14,64,4,1,49,37,2,0,119,2,3,3,186,0,,4,4.02,4.02,0,0,7.6
5,1984-04-29,Welland,ON,CAN,CAN,73,208,R,,,,,31,Dan,Girardi,NYR,NYR,D,73, , ,74,2,15,6,17,18,77,29,43,2.60%,1.30%,90224,20.3,2078,28.1,43.4,64,2.6,0,0,0.00%,,,,0,,0,142,168,195,29,56,23,5.7,6.7,7.8,1.2,2.2,0.9,20,9,0,0,0,0,383,2.4,,, ,,0,0,1,1,0,0,1,0,0,0,1,0,0,0%,0.3,4.1,4.3,0.06,0.17,7,24.2,34.2,9.1,0.7,4.9,0,5.6,0.08,0.22,49.7,0,2,2,25,2,0,32,7,1,0,35,0,0,1,186,8,"Upper body, Hand, Knee",7,5.5,5.5,537,0,-4.9
28,1994-01-05,Riga,,LVA,LVA,73,203,L,2012,1,14,,22,Zemgus,Girgensons,BUF,BUF,C/LW,71, , ,71,7,11,9,18,0,110,31,38,6.40%,3.90%,64054,15,1441,20.3,44.5,136,7.6,153,182,45.70%,2,1,204,99,131,54,114,125,41,31,18,16,6.4,7,2.3,1.7,1,0.9,20,9,0,0,0,0,186,13.1,1,0,0%,0,0,1,1,0,1,1,0,3,0,0,2,0,0,0%,-0.1,1.4,1.3,0.02,0.07,5,16.6,20.2,1.1,0.3,3.2,-0.2,3.3,0.05,0.19,29.3,0,4,1,26,9,3,8,21,5,0,64,0,1,0,186,11,"Lower body, Upper body",0.833,0.894,1.369,123,0.025,1.6
28,1988-01-12,Hearst,ON,CAN,CAN,71,185,R,2006,1,22,,28,Claude,Giroux,PHI,PHI,C,78, , ,78,22,45,25,67,-8,241,68,110,9.10%,5.30%,96157,20.5,2124,27.2,45.3,260,9.7,1081,800,57.50%,42,24,1234,735,647,345,82,83,36,68,45,41,3.1,3.1,1.3,2.5,1.7,1.5,53,18,1,1,0,0,173,10.9,9,2,22%,1,2,2,5,1,2,0,5,3,0,0,12,0,1,100%,5.4,1.5,6.9,0.09,0.26,6,40.8,35.6,-4.5,8.7,2.2,-0.6,10.3,0.13,0.39,41.8,2,5,8,53,10,4,38,49,2,1,137,6,10,5,186,3,Upper body,9,8.275,8.275,303,0,-6.1
15,1983-11-29,Regina,SK,CAN,CAN,73,213,L,2003,9,265,,32,Tanner,Glass,NYR,NYR,LW,56, , ,57,4,3,2,7,-3,49,18,15,8.20%,4.90%,35178,10.3,924,16.2,38.1,30,3.1,6,14,30.00%,,,10,3,10,3,77,224,18,18,13,4,7.9,22.9,1.8,1.8,1.3,0.4,66,13,6,0,1,0,314,-0.2,,, ,,1,0,0,1,0,0,0,0,1,0,3,0,0,0%,-0.4,0.4,0,0,0,3,10.9,11.1,-6,-1.7,0.7,0,-1,-0.02,-0.1,26.6,0,0,1,17,2,0,2,6,7,1,31,0,0,0,186,1,Upper body,1.45,1.45,1.231,18,0,-2.4
41,1989-04-28,Grand Rapids,MI,USA,USA,71,194,R,,,,,26,Luke,Glendening,DET,DET,C,80, , ,81,8,13,6,21,4,88,39,25,9.10%,5.30%,70848,14.6,1764,21.8,40.2,50,2.5,614,511,54.60%,7,2,702,384,423,230,103,143,71,39,11,20,5.2,7.3,3.6,2,0.6,1,46,23,0,0,0,0,260,-5.7,,, ,,1,0,3,3,0,0,0,0,3,0,5,0,0,0%,0,1.5,1.5,0.02,0.08,4,20.5,29.3,4.5,-0.2,5,0,4.8,0.06,0.24,25.3,1,0,6,32,25,4,2,8,10,1,38,0,2,2,186,1,Flu,0.6,0.628,0.628,8,0,4.6
82,1995-10-07,Moscow,,RUS,RUS,71,180,L,2014,1,27,Y,20,Nikolay,Goldobin,SJS,SJS,LW/RW,9, , ,9,1,1,1,2,1,7,6,3,14.30%,6.30%,6040,11.2,140,15.6,43.1,12,7.2,0,0,0.00%,,,,0,,0,4,0,1,6,1,3,2.4,0,0.6,3.6,0.6,1.8,0,0,0,0,0,0,1,2.8,,, ,,0,0,0,0,0,0,0,0,0,0,1,0,0,0%,0.1,0.2,0.2,0.02,0.12,3,1.5,1.5,0.8,0.2,0.3,0,0.5,0.06,0.3,26.1,0,0,1,5,0,0,0,3,0,0,4,0,0,0,21,0,,0.925,0.894,0.125,0,0.213,0.4
33,1985-07-30,Grand Rapids,MN,USA,USA,71,185,L,2004,2,61,,30,Alex,Goligoski,DAL,DAL,D,81, , ,82,5,32,14,37,21,127,56,115,3.90%,1.70%,117262,23.8,2416,29.5,48.5,131,4,0,0,0.00%,,,,0,,0,86,100,159,56,73,18,2.6,3.1,4.9,1.7,2.2,0.6,34,17,0,0,0,0,293,-0.6,,, ,,0,0,1,0,1,1,0,0,0,0,3,0,0,0%,2.4,4.9,7.2,0.09,0.22,5,39.8,43.6,12.4,4.9,6.4,0,11.2,0.14,0.34,55.5,0,1,6,49,2,1,47,5,1,1,70,0,1,2,186,0,,4.8,4.6,4.6,0,0,2.6
29,1989-11-30,Mississauga,ON,CAN,CAN,73,201,R,2008,2,37,,26,Cody,Goloubef,CBJ,CBJ,D,43, , ,43,1,7,1,8,-3,40,22,36,2.50%,1.00%,39027,15.1,860,20,45.4,13,1.2,0,0,0.00%,,,,0,,0,42,31,48,22,11,3,3.9,2.9,4.4,2,1,0.3,20,10,0,0,0,0,99,-8.2,,, ,,0,0,0,0,0,0,0,1,0,0,0,0,0,0%,0.2,1,1.3,0.03,0.12,1,10.6,13.4,-0.8,0.5,1,0,1.5,0.03,0.14,52.5,0,1,0,21,0,0,22,9,0,0,9,0,0,1,186,22,"Oblique, Jaw",0.7,0.75,0.75,201,0,1.1
23,1979-12-23,Anchorage,AK,USA,USA,71,200,L,1998,1,27,,36,Scott,Gomez,OTT,"STL, OTT",C,21,13, ,34,1,8,3,9,-7,20,6,6,5.00%,3.10%,23128,11.3,564,16.6,41,47,7.3,125,152,45.10%,,,168,77,109,48,15,3,10,6,13,6,2.3,0.5,1.6,0.9,2,0.9,6,3,0,0,0,0,19,-1.3,,, ,,1,0,1,0,0,1,0,0,0,0,0,0,0,0%,0.1,0.1,0.2,0.01,0.03,0,7.9,6.5,-7,-0.2,-0.2,0,-0.4,-0.01,-0.06,29.8,0,1,0,5,2,1,4,2,0,0,11,0,1,1,123,0,,1.15,1.375,0.482,0,0.225,-0.7
89,1993-02-26,Toronto,ON,CAN,CAN,74,215,L,,,,,22,Barclay,Goodrow,SJS,SJS,RW/LW,14, , ,14,0,3,2,3,1,7,5,0,0.00%,0.00%,8627,10.3,222,15.9,38.9,3,1.3,4,2,66.70%,,,2,2,4,2,18,8,4,5,4,3,7.5,3.3,1.7,2.1,1.7,1.3,16,3,2,0,0,0,30,-0.3,,, ,,0,0,0,0,0,0,0,0,0,0,0,0,0,0%,-0.1,0.2,0.2,0.01,0.08,0,2.7,3.3,0.4,-0.2,0.6,0,0.4,0.03,0.17,31.1,0,0,0,5,0,0,0,2,0,0,5,0,0,0,34,0,,0.635,0.627,0.115,0,0,0.4
15,1983-10-19,Unity,SK,CAN,CAN,72,200,R,2002,1,17,,32,Boyd,Gordon,ARI,ARI,C,65, , ,65,2,2,1,4,-7,53,15,12,3.80%,2.50%,47587,12.2,1221,18.8,39,32,2.4,526,383,57.90%,3,1,599,347,310,179,58,21,51,15,12,10,4.4,1.6,3.9,1.1,0.9,0.8,10,5,0,0,0,0,82,-1.7,,, ,,0,0,0,0,0,0,0,1,1,0,0,0,0,0%,-1.5,0.6,-1,-0.02,-0.08,3,9.7,15.2,-7.5,-2.6,1,0,-1.5,-0.02,-0.11,28.2,0,1,1,13,11,0,2,4,3,7,26,0,0,1,186,17,"Lower body, Head",3,3,3,622,0,-6.7
4,1984-08-14,Kelowna,BC,CAN,CAN,73,203,L,,,,,31,Josh,Gorges,BUF,BUF,D,77, , ,77,2,10,2,12,-7,57,33,49,3.50%,1.40%,94549,20.5,2213,28.7,42.7,32,1.2,0,0,0.00%,,,,0,,0,130,143,167,33,17,13,4.9,5.4,6.4,1.3,0.6,0.5,72,26,2,0,1,0,384,-7.2,,, ,,1,0,0,0,0,0,0,0,1,0,1,0,0,0%,-0.4,3.4,3.1,0.04,0.12,6,24.2,35.7,-2.6,-1,4.8,0,3.8,0.05,0.14,51.7,0,0,2,31,2,1,20,10,2,0,22,1,0,0,186,5,Upper body,3.9,3.9,3.9,238,0,-3.3
46,1992-02-18,Murray River,PE,CAN,CAN,74,196,L,2010,1,13,,23,Brandon,Gormley,COL,COL,D,26, , ,26,0,1,0,1,-3,11,10,11,0.00%,0.00%,18994,12.2,485,18.7,39.2,0,0,0,0,0.00%,,,,0,,0,30,18,19,10,12,5,5.7,3.4,3.6,1.9,2.3,0.9,8,4,0,0,0,0,45,-1.6,,, ,,0,0,0,0,0,0,0,0,0,0,0,0,0,0%,-0.3,0.4,0.2,0.01,0.04,0,6.5,7.4,-1.4,-1.2,0.3,0,-0.9,-0.03,-0.17,47.1,0,0,0,10,1,0,2,1,0,0,7,0,0,0,0,0,,0,0,0,0,0,-0.9
53,1993-04-20,Pembroke Pines,FL,USA,USA,71,180,L,2012,3,78,Y,22,Shayne,Gostisbehere,PHI,PHI,D,63, , ,64,17,29,14,46,8,152,79,110,11.20%,5.00%,77147,20.1,1564,24.4,49.3,107,5,1,0,100.00%,,,1,1,,0,46,27,59,79,51,28,2.1,1.3,2.8,3.7,2.4,1.3,24,12,0,0,0,0,110,5.8,1,0,0%,0,4,4,5,0,1,0,7,3,1,0,5,0,0,0%,5.4,3.5,8.9,0.14,0.42,3,40.6,25.1,11.4,9.3,2.4,-0.2,11.5,0.18,0.54,47,1,4,7,67,4,0,87,28,2,0,31,5,4,3,148,2,Lower body,0.925,0.925,1.131,38,0.638,10
65,1991-12-15,Saint-Narcisse,QC,CAN,CAN,69,167,L,,,,Y,24,Yanni,Gourde,TBL,TBL,C/LW,2, , ,2,0,1,1,1,1,0,1,0,0.00%,0.00%,878,7.3,21,10.5,41.8,1,4.1,0,0,0.00%,,,,0,,0,5,2,1,1,0,0,20.5,8.2,4.1,4.1,0,0,2,1,0,0,0,0,5,-1,,, ,,0,0,0,0,0,0,0,0,0,0,0,0,0,0%,0.1,0.1,0.1,0.05,0.41,4,0.3,0.3,1,0.2,0.1,0,0.3,0.15,1.23,0,0,0,0,1,0,0,0,0,0,0,0,0,0,0,15,4,Upper body,0.6,0.588,0.047,29,0,0.3
40,1987-10-05,Villach,,AUT,AUT,73,181,L,2006,1,14,,28,Michael,Grabner,TOR,TOR,RW/LW,79, , ,80,9,9,5,18,-4,116,47,23,7.80%,4.80%,69452,14.5,1819,22.7,38.2,68,3.5,3,10,23.10%,,,8,1,5,2,46,41,55,47,21,66,2.4,2.1,2.9,2.4,1.1,3.4,12,6,0,0,0,0,108,-5.6,,, ,,3,0,2,1,1,0,0,3,1,0,4,0,2,200%,-0.2,1.2,1,0.01,0.05,4,17.6,24.8,-0.3,-0.2,3.8,0,3.7,0.05,0.19,32.9,0,2,5,40,12,0,8,28,8,1,59,0,1,2,186,0,,5,3,3,0,0,-1.5
84,1984-01-31,Potsdam,,DEU,BLR,71,186,L,2004,5,150,,32,Mikhail,Grabovski,NYI,NYI,C,58, , ,58,9,16,7,25,3,83,41,34,10.80%,5.70%,49079,14.1,1077,18.6,45.6,74,5.4,221,242,47.70%,14,9,259,125,204,96,95,28,26,41,34,28,7,2.1,1.9,3,2.5,2.1,33,9,1,0,1,0,88,2,,, ,,2,1,2,0,1,0,0,1,1,0,6,0,1,100%,1.6,1,2.6,0.04,0.19,4,17.1,15.8,2.1,2.8,1.5,0,4.3,0.07,0.32,25.4,0,1,4,36,10,0,6,11,8,2,46,3,2,0,372,23,"Undisclosed, Upper body",5,5,5,1402,0,-4
38,1987-03-11,Montreal,QC,CAN,CAN,75,205,L,2005,3,87,,28,Marc-Andre,Gragnani,NJD,NJD,D,4, , ,4,0,0,0,0,-2,0,4,5,0.00%,0.00%,3447,14.4,82,20.5,42,0,0,0,0,0.00%,,,,0,,0,1,1,1,4,1,1,1,1,1,4.2,1,1,2,1,0,0,0,0,4,0.2,,, ,,0,0,0,0,0,0,0,0,0,0,0,0,0,0%,-0.1,0,-0.1,-0.03,-0.1,2,0.7,0.8,-1.9,-0.2,-0.2,0,-0.3,-0.08,-0.31,0,0,0,0,4,0,0,0,0,0,0,0,0,0,0,8,0,,0.575,0.575,0.025,0,0,-0.3
8,1992-08-27,Gallivare,,SWE,SWE,75,200,R,2010,4,116,Y,23,Petter,Granberg,NSH,NSH,D,26, , ,27,0,2,2,2,1,12,5,5,0.00%,0.00%,22226,13.7,523,19.4,42.5,25,4,0,0,0.00%,,,,0,,0,30,48,26,5,7,0,4.9,7.8,4.2,0.8,1.1,0,13,4,1,0,0,0,88,0.6,,, ,,0,0,0,0,0,0,0,0,0,0,0,0,0,0%,-0.2,0.9,0.7,0.03,0.11,3,5.5,6.2,1,-0.6,0.8,0,0.2,0.01,0.03,48.3,0,0,0,5,0,0,4,1,0,0,7,0,0,0,186,0,,0.6,0.6,0.483,0,0,0.3
60,1993-04-16,Oulu,,FIN,FIN,72,178,L,2011,2,45,,22,Markus,Granlund,VAN,"CGY, VAN",C,31,16, ,47,6,4,4,10,-4,56,28,29,10.70%,5.30%,38881,13.8,939,20,41.4,41,3.8,202,270,42.80%,6,2,304,139,168,63,37,31,23,28,11,19,3.4,2.9,2.1,2.6,1,1.8,14,7,0,0,0,0,68,1.8,1,0,0%,0,2,1,1,1,0,0,0,1,0,0,5,0,0,0%,0,0.5,0.5,0.01,0.05,2,12.4,12.9,-3.4,-1.1,0.9,-0.2,-0.4,-0.01,-0.04,26.5,0,0,9,19,3,1,7,10,5,0,30,1,0,0,142,7,Upper body,0.792,0.767,0.706,77,0.266,-1
64,1992-02-26,Oulu,,FIN,FIN,70,184,L,2010,1,9,,23,Mikael,Granlund,MIN,MIN,C,81, , ,82,13,31,25,44,-12,160,51,61,8.10%,4.80%,89148,18.1,1855,22.6,48.1,330,13.3,528,557,48.70%,16,8,661,321,424,207,148,86,57,51,40,51,6,3.5,2.3,2.1,1.6,2.1,20,10,0,0,0,0,163,8.8,,, ,,0,0,3,2,1,0,0,2,0,0,10,0,0,0%,2.3,1.3,3.6,0.04,0.15,5,32.1,27.6,-11.6,3.4,2,0,5.3,0.06,0.21,29.7,0,0,5,46,9,2,12,19,5,3,110,3,1,3,186,0,,2.8,3,3,0,0,0.1
47,1989-01-20,Antigonish,NS,CAN,CAN,76,205,R,2007,4,118,,27,Alex,Grant,ARI,ARI,D,5, , ,5,0,0,0,0,-2,4,1,5,0.00%,0.00%,3970,13.2,95,19,41.8,0,0,0,0,0.00%,,,,0,,0,7,7,2,1,0,1,6.3,6.3,1.8,0.9,0,0.9,7,1,1,0,0,0,17,0.3,,, ,,0,0,0,0,0,0,0,0,0,0,0,0,0,0%,-0.1,0,-0.1,-0.02,-0.09,2,1.1,1.8,-2,-0.3,-0.1,0,-0.4,-0.08,-0.36,38,0,0,0,1,0,0,2,1,0,0,1,0,0,0,13,0,,0.6,0.6,0.042,0,0,-0.4
57,1990-04-20,Abbotsford,BC,CAN,CAN,75,202,L,2008,4,119,Y,25,Derek,Grant,CGY,CGY,C/LW,15, , ,15,0,1,0,1,-7,22,7,7,0.00%,0.00%,9791,10.9,269,17.9,36.4,0,0,61,50,55.00%,,,76,41,35,20,18,25,11,7,1,3,6.6,9.2,4,2.6,0.4,1.1,2,1,0,0,0,0,38,-1.3,,, ,,0,0,0,0,0,0,0,0,0,0,0,0,0,0%,-0.3,-0.1,-0.5,-0.03,-0.18,3,2.4,3.5,-7.2,-0.8,-0.2,0,-1,-0.07,-0.37,22.6,0,0,2,5,3,0,1,3,2,2,11,0,0,0,36,1,Groin,0.7,0.7,0.135,9,0,-1.1
44,1993-04-27,Brampton,ON,CAN,CAN,77,212,L,2011,7,191,Y,22,Tyler,Graovac,MIN,MIN,C,2, , ,2,0,0,0,0,-1,2,1,3,0.00%,0.00%,1393,11.6,30,15,46.4,0,0,13,6,68.40%,,,16,12,3,1,4,1,0,1,0,2,10.3,2.6,0,2.6,0,5.2,0,0,0,0,0,0,1,0,,, ,,0,0,0,0,0,0,0,0,0,0,0,0,0,0%,-0.1,0,-0.1,-0.05,-0.26,1,0.3,0.3,-1,-0.1,-0.1,0,-0.2,-0.1,-0.52,34,0,0,0,1,0,0,0,0,1,0,1,0,0,0,68,26,Hernia,0.782,0.748,0.338,282,0.143,-0.5
53,1992-03-06,Kingsford,MI,USA,USA,76,185,L,2010,5,148,Y,23,Kevin,Gravel,LAK,LAK,D,5, , ,5,0,0,0,0,0,2,6,4,0.00%,0.00%,3503,11.7,88,17.6,39.8,0,0,0,0,0.00%,,,,0,,0,14,4,4,6,2,0,14.4,4.1,4.1,6.2,2.1,0,0,0,0,0,0,0,8,0.3,,, ,,0,0,0,0,0,0,0,0,0,0,0,0,0,0%,-0.1,0.1,0.1,0.02,0.1,1,1.5,1.7,-0.5,-0.4,0.2,0,-0.2,-0.04,-0.21,33,0,0,0,6,0,0,1,0,0,0,1,0,0,0,22,0,,0.667,0.667,0.109,0,0.258,-0.3
25,1985-10-12,Calgary,AB,CAN,CAN,73,207,R,2004,1,29,,30,Mike,Green,DET,DET,D,73, , ,74,7,28,12,35,-6,124,51,80,5.60%,2.70%,87772,19.8,1831,24.7,47.9,94,3.9,0,2,0.00%,,,2,0,,0,146,106,71,51,40,18,6,4.3,2.9,2.1,1.6,0.7,38,19,0,0,0,0,215,-4.5,,, ,,0,0,0,0,0,0,4,0,0,0,3,0,0,0%,2.9,2.9,5.9,0.08,0.24,2,38.4,26.8,-1.6,4.7,1.1,0,5.9,0.08,0.24,46.3,0,2,8,41,3,0,45,20,0,0,56,1,0,2,186,8,"Groin, Upper body",6,6,6,585,0,-5.7
6,1982-10-30,Trenton,MI,USA,USA,71,190,L,,,,,33,Andy,Greene,NJD,NJD,D,81, , ,82,4,9,5,13,7,63,42,43,6.30%,2.70%,112925,23,2327,28.4,48.5,54,1.7,0,0,0.00%,,,,0,,0,115,73,154,42,38,26,3.7,2.3,4.9,1.3,1.2,0.8,26,13,0,0,0,0,253,2.2,,, ,,0,0,0,2,0,0,0,0,1,0,3,0,0,0%,-0.4,6.1,5.7,0.07,0.18,5,30.3,41.4,12.8,-1.8,8.8,0,7,0.09,0.22,46.3,1,0,3,38,3,0,22,17,1,3,17,0,0,0,186,0,,5,5,5,0,0,-2.5
2,1983-05-13,Grand Ledge,MI,USA,USA,75,229,R,2002,2,44,,32,Matt,Greene,LAK,LAK,D,3, , ,3,0,0,0,0,0,3,1,0,0.00%,0.00%,2115,11.8,58,19.3,36.5,0,0,0,0,0.00%,,,,0,,0,7,5,1,1,3,0,11.9,8.5,1.7,1.7,5.1,0,8,4,0,0,0,0,14,-2.9,,, ,,0,0,0,0,0,0,0,0,0,0,0,0,0,0%,0,0.1,0,0,0,3,0.6,0.7,-0.2,-0.1,0.1,0,-0.1,-0.03,-0.17,62,0,0,0,1,0,0,2,0,0,0,1,0,0,0,186,79,Shoulder,2.5,2.5,2.5,2409,0,-4.2
38,1986-03-09,St. John's,NL,CAN,CAN,74,210,L,2005,7,204,,29,Colin,Greening,TOR,"OTT, TOR",C/LW,1,29, ,31,7,8,5,15,-2,58,27,17,12.10%,6.90%,26219,14.1,578,18.6,45.4,63,8.7,13,8,61.90%,,,11,7,10,6,53,90,10,27,10,10,7.3,12.4,1.4,3.7,1.4,1.4,13,4,1,0,0,0,114,0.8,,, ,,0,0,0,1,0,0,0,4,0,0,3,0,0,0%,1.2,0.4,1.7,0.05,0.23,4,10.2,8.7,1.7,1.8,0.6,0,2.4,0.08,0.33,32.2,1,0,4,22,7,1,2,10,2,1,35,0,1,1,119,0,,2.75,2.65,1.446,0,0,0.1
65,1991-09-05,Laval,QC,CAN,CAN,77,200,R,2011,3,90,Y,24,Alexandre,Grenier,VAN,VAN,RW,6, , ,6,0,0,0,0,-4,9,3,1,0.00%,0.00%,4131,11.5,97,16.2,42.6,0,0,1,1,50.00%,,,2,1,,0,5,5,3,3,3,3,4.4,4.4,2.6,2.6,2.6,2.6,2,1,0,0,0,0,10,-1.1,,, ,,0,0,0,0,0,0,0,0,0,0,0,0,0,0%,-0.2,-0.1,-0.3,-0.05,-0.26,1,2,2,-3.2,-0.9,-0.2,0,-1.1,-0.18,-0.96,30.2,0,0,0,3,0,0,0,1,1,0,7,0,0,0,13,0,,0.585,0.585,0.041,0,0,-1.1
53,1993-01-04,Wallaceburg,ON,CAN,CAN,69,191,R,2012,5,131,,23,Seth,Griffith,BOS,BOS,C/RW,4, , ,4,0,1,0,1,-4,2,1,1,0.00%,0.00%,2392,10,55,13.8,43.5,0,0,0,0,0.00%,,,,0,,0,3,4,0,1,1,0,4.5,6,0,1.5,1.5,0,4,2,0,0,0,0,8,-2,,, ,,0,0,0,0,0,0,0,0,0,0,0,0,0,0%,0,-0.1,-0.1,-0.03,-0.15,3,1.5,1,-3.8,-0.3,-0.3,0,-0.7,-0.18,-1.05,31,0,0,0,1,0,0,1,0,0,0,1,0,0,0,26,0,,0.792,0.759,0.062,0,0.133,-0.7
25,1994-05-16,Khabarovsk,,RUS,RUS,75,209,L,2012,1,12,,21,Mikhail,Grigorenko,COL,COL,C/LW,74, , ,74,6,21,13,27,2,84,32,27,7.10%,4.20%,58904,13.3,1258,17,46.8,125,7.6,151,198,43.30%,5,2,239,105,110,46,73,23,39,32,18,21,4.5,1.4,2.4,2,1.1,1.3,8,4,0,0,0,0,70,-3.3,,, ,,2,0,0,0,1,0,0,0,0,0,5,0,0,0%,0.9,1.2,2.2,0.03,0.13,1,21.7,19.6,7.7,0.6,2.1,0,2.7,0.04,0.17,33.2,0,2,2,28,11,3,7,10,3,0,50,0,0,1,186,1,Illness,0.675,0.675,0.675,8,0,2.4
23,1993-02-08,Anaheim,CA,USA,USA,66,180,R,2011,2,33,Y,22,Rocco,Grimaldi,FLA,FLA,C/RW,20, , ,20,3,2,0,5,-4,29,8,11,10.30%,6.30%,14238,11.9,303,15.2,47,0,0,47,61,43.50%,,,57,25,51,22,23,17,2,8,5,10,5.8,4.3,0.5,2,1.3,2.5,2,1,0,0,0,0,21,2.7,,, ,,1,0,0,0,0,0,0,1,0,0,2,0,0,0%,0.3,0.1,0.3,0.02,0.08,1,5.7,4.8,-5.5,-0.2,-0.1,0,-0.3,-0.02,-0.08,28.6,0,0,0,8,3,0,5,9,0,1,11,1,0,0,47,0,,0.925,0.925,0.243,0,0.426,-0.5
2,1985-01-22,Stockholm,,SWE,SWE,76,230,L,2004,2,56,,31,Nicklas,Grossmann,ARI,ARI,D,58, , ,58,3,4,2,7,-3,42,17,32,7.10%,3.30%,61895,17.8,1513,26.1,40.9,33,1.9,0,0,0.00%,,,,0,,0,69,106,73,17,21,3,4,6.2,4.2,1,1.2,0.2,24,12,0,0,0,0,203,-2.6,,, ,,1,0,1,0,0,0,0,1,0,0,2,0,0,0%,-0.2,1.8,1.6,0.03,0.09,4,13.4,23.2,-3.3,-0.1,1.9,0,1.8,0.03,0.1,64.4,0,1,1,15,1,0,16,2,0,0,23,1,0,0,372,10,"Lower body, Illness",3.5,3.5,3.5,366,0,-3.3
62,1988-04-14,Saskatoon,SK,CAN,CAN,76,228,R,2006,3,68,,27,Eric,Gryba,EDM,EDM,D,53, , ,53,1,5,2,6,0,58,29,56,1.70%,0.70%,56866,17.9,1259,23.8,45.2,29,1.8,0,0,0.00%,,,,0,,0,112,132,78,29,39,16,7.1,8.4,4.9,1.8,2.5,1,75,25,5,0,0,0,290,-5.5,,, ,,0,0,0,0,0,0,0,1,0,0,0,0,0,0%,-0.4,2.2,1.8,0.03,0.11,2,15.2,18.6,4.9,-1.3,2.4,0,1.1,0.02,0.07,51.1,1,0,0,28,2,0,27,11,0,0,18,0,1,0,186,25,"Knee, Undisclosed",1.3,1.25,1.25,381,0,-0.4
3,1990-06-05,Prague,,CZE,CZE,72,204,R,2010,3,66,,25,Radko,Gudas,PHI,PHI,D,75, , ,76,5,9,5,14,-3,150,68,122,3.30%,1.50%,90487,19.8,1940,25.5,46.6,86,3.4,0,0,0.00%,,,,0,,0,146,304,157,68,57,11,5.8,12.1,6.2,2.7,2.3,0.4,116,32,4,1,1,1,581,-9.7,,, ,,1,0,1,0,0,0,3,1,0,0,1,0,0,0%,0.2,3,3.2,0.04,0.13,6,23.5,34,-4.4,0.2,3.6,0,3.8,0.05,0.15,59.4,0,0,5,63,2,0,61,38,1,0,48,1,0,1,186,0,,1.4,0.992,0.992,0,0,2.9
44,1992-01-07,Ottawa,ON,CAN,CAN,77,216,R,2010,1,3,,24,Erik,Gudbranson,FLA,FLA,D,64, , ,64,2,7,3,9,3,73,33,49,2.70%,1.30%,77232,20.1,1488,23.3,51.9,26,1.2,0,0,0.00%,,,,0,,0,148,150,73,33,28,11,6.9,7,3.4,1.5,1.3,0.5,49,17,3,0,0,0,275,5.3,,, ,,0,0,0,0,0,0,1,0,0,0,1,0,0,0%,-0.4,2.5,2.1,0.03,0.1,6,18.8,29.1,-7.1,-0.8,2.6,0,1.8,0.03,0.08,55.1,1,0,4,28,0,0,42,15,1,0,15,0,0,0,186,18,"Upper body, Lower body, Undisclosed",2.75,2.5,2.5,549,0,-2.3
5,1982-12-10,Aliquippa,PA,USA,USA,75,207,R,2002,4,127,,33,Nate,Guenin,COL,COL,D,29, , ,29,0,0,0,0,2,10,6,10,0.00%,0.00%,22725,13.1,578,19.9,39.3,0,0,0,0,0.00%,,,,0,,0,29,15,33,6,6,2,4.6,2.4,5.2,1,1,0.3,2,1,0,0,0,0,50,1.4,,, ,,0,0,0,0,0,0,0,0,0,0,0,0,0,0%,-0.5,1,0.5,0.02,0.08,3,5.3,7.3,2.5,-1.2,1,0,-0.2,-0.01,-0.03,63.8,0,0,1,5,0,0,6,1,0,0,3,0,0,0,134,0,,0.85,0.8,0.576,0,0,-0.6
4,1986-11-09,Orebro,,SWE,SWE,74,196,L,2007,7,194,,29,Carl,Gunnarsson,STL,STL,D,72, , ,72,3,6,2,9,7,51,25,40,5.90%,2.60%,75080,17.4,1806,25.1,41.6,25,1.2,0,0,0.00%,,,,0,,0,118,67,119,25,23,14,5.7,3.2,5.7,1.2,1.1,0.7,31,13,1,0,0,0,218,0.7,,, ,,0,0,0,0,0,0,1,0,1,0,1,0,0,0%,-0.2,3.5,3.3,0.05,0.16,5,23.2,29.9,2.4,-1.8,4.4,0,2.6,0.04,0.12,50,0,0,1,24,0,0,17,4,2,0,28,0,0,2,372,10,"Lower body, Upper body, Arm",3.45,3.15,3.15,360,0,-1.8
52,1992-03-14,Nynashamn,,SWE,SWE,72,176,L,2012,4,93,Y,23,Erik,Gustafsson,CHI,CHI,D,41, , ,41,0,14,7,14,11,58,24,48,0.00%,0.00%,38006,15.4,864,21.1,44,77,7.3,0,0,0.00%,,,,0,,0,71,29,37,24,12,9,6.7,2.7,3.5,2.3,1.1,0.9,4,2,0,0,0,0,70,2.9,,, ,,0,0,0,0,0,0,0,0,0,0,0,0,0,0%,0.8,2.3,3.1,0.08,0.29,2,4.1,4.5,-0.1,3.9,0.3,0,4.2,0.1,0.4,54.2,0,0,1,23,0,1,34,2,0,0,21,0,0,0,120,2,Lower body,0.667,0.667,0.431,23,0,4
62,1988-08-23,Sodertalje,,SWE,SWE,71,186,L,2007,6,168,,27,Carl,Hagelin,PIT,"ANA, PIT",LW,43,37, ,80,14,25,15,39,8,178,58,61,7.90%,4.70%,75393,15.7,1803,22.5,41.8,179,8.5,6,8,42.90%,,,7,3,7,3,109,84,33,58,35,30,5.2,4,1.6,2.8,1.7,1.4,32,16,0,0,0,0,149,-7.8,,, ,,1,0,6,0,5,0,1,3,1,0,4,0,0,0%,2.5,1.8,4.3,0.05,0.21,3,26,29.4,0.6,4.4,4.1,0,8.5,0.11,0.41,26.9,0,4,10,44,28,0,16,23,9,8,94,4,2,3,186,2,Undisclosed,5,4,4,98,0,1.2
65,1981-03-24,Bolton,CT,USA,USA,75,210,L,2000,1,13,,34,Ron,Hainsey,CAR,CAR,D,80, , ,81,5,14,6,19,-13,131,52,68,3.80%,2.00%,108498,22.3,2254,27.8,48.1,71,2.4,0,0,0.00%,,,,0,,0,101,85,126,52,48,34,3.4,2.8,4.2,1.7,1.6,1.1,37,16,1,0,0,0,249,0.5,,, ,,1,1,2,0,1,0,2,2,0,0,0,0,0,0%,0.5,3.8,4.3,0.05,0.14,5,30.9,46.5,-3.4,0.3,8.1,0,8.4,0.1,0.28,52,0,1,7,44,4,2,52,23,1,0,49,1,0,2,186,1,Illness,3,2.833,2.833,35,0,3.5
38,1986-03-30,Guelph,ON,CAN,CAN,70,205,L,,,,,29,Micheal,Haley,SJS,SJS,C/LW/RW,16, , ,16,1,0,0,1,-2,10,2,3,10.00%,6.70%,6814,7.1,177,11.1,38.5,0,0,11,8,57.90%,,,11,5,8,6,11,39,4,2,9,0,5.8,20.6,2.1,1.1,4.8,0,48,3,8,0,0,0,99,0.8,,, ,,1,0,0,0,1,0,0,0,0,0,0,0,0,0%,-0.1,0.1,0,0,0,3,1.7,1.6,-2.1,-0.2,0.1,0,-0.2,-0.01,-0.11,28.8,0,0,0,2,1,0,0,0,1,2,6,0,0,1,52,0,,0.6,0.6,0.168,0,0,-0.2
15,1988-06-01,Toronto,ON,CAN,CAN,72,180,R,2007,4,117,,27,Matt,Halischuk,WPG,WPG,RW/LW,30, , ,30,0,3,3,3,1,39,8,8,0.00%,0.00%,17014,9.5,432,14.4,39.4,64,13.5,1,2,33.30%,,,1,0,2,1,19,38,11,8,3,5,4,8,2.3,1.7,0.6,1.1,4,2,0,0,0,0,53,-0.6,,, ,,0,0,0,0,0,0,0,0,0,0,0,0,0,0%,-0.5,0.3,-0.1,0,-0.02,3,3.4,3.6,1.1,-0.5,0.5,0,0.1,0,0.02,28.6,0,0,1,7,3,4,4,3,1,4,20,0,0,0,82,0,,0.75,0.75,0.331,0,0,-0.1
4,1991-11-14,Calgary,AB,CAN,CAN,73,201,L,2010,1,1,,24,Taylor,Hall,EDM,EDM,LW,81, , ,82,26,39,29,65,-4,286,82,106,9.10%,5.50%,94485,19.2,1961,23.9,48.2,320,12.2,14,25,35.90%,,,26,8,13,6,184,82,50,82,73,64,7,3.1,1.9,3.1,2.8,2.4,54,27,0,0,0,0,186,-3.9,,, ,,4,1,6,2,5,1,0,2,4,0,14,0,0,0%,5.8,1.8,7.6,0.09,0.29,5,37,31.6,11.1,10.8,2.9,0,13.7,0.17,0.52,27.6,1,2,7,72,23,6,7,66,19,2,163,2,12,3,186,0,,6,6,6,0,0,2.1
2,1982-12-13,Smithers,BC,CAN,CAN,73,209,L,2001,1,12,,33,Dan,Hamhuis,VAN,VAN,D,58, , ,58,3,10,6,13,-2,72,28,64,4.20%,1.80%,74525,21.4,1639,28.3,45.5,78,3.8,0,0,0.00%,,,,0,,0,72,64,72,28,47,24,3.5,3.1,3.5,1.4,2.3,1.2,28,14,0,0,0,0,164,5.5,,, ,,1,0,1,0,0,0,0,1,1,0,1,0,0,0%,0.2,2.9,3.2,0.06,0.15,5,20.9,27.1,4.2,0.2,3.2,0,3.4,0.06,0.16,48.3,0,1,0,27,4,1,25,6,1,1,34,0,1,0,186,24,"Facial, Lower body",4.25,4.5,4.5,1317,0,-5
27,1993-06-17,Toronto,ON,CAN,CAN,78,210,R,2011,1,9,,22,Dougie,Hamilton,CGY,CGY,D,81, , ,82,12,31,11,43,-14,190,80,111,6.30%,3.10%,97257,19.8,2238,27.3,43.5,118,4.4,0,0,0.00%,,,,0,,0,46,78,106,80,63,15,1.7,2.9,3.9,3,2.3,0.6,46,18,0,1,0,0,230,-2.9,,, ,,4,0,3,0,0,0,3,1,1,0,7,0,0,0%,4,1.7,5.7,0.07,0.21,4,37.2,30.2,-4.3,7.9,1.3,0,9.2,0.11,0.34,45.4,0,2,9,69,3,0,42,26,1,0,118,0,4,0,186,0,,5.5,5.75,5.75,0,0,-1.9
25,1992-01-01,Toronto,ON,CAN,CAN,73,195,R,2010,5,129,,24,Freddie,Hamilton,CGY,CGY,C/RW,4, , ,4,1,1,1,2,1,7,0,3,14.30%,10.00%,3048,12.7,84,21,36.3,28,33.1,12,9,57.10%,,,13,7,8,5,4,8,2,0,2,1,4.7,9.4,2.4,0,2.4,1.2,0,0,0,0,0,0,10,-0.1,,, ,,0,0,0,0,0,0,0,0,0,0,1,0,0,0%,0.2,0.1,0.3,0.08,0.35,4,0.8,1,1,0.5,0.2,0,0.7,0.18,0.83,24,0,0,0,0,1,0,0,2,0,0,4,0,0,0,11,0,,0.688,0.688,0.041,0,0,0.7
3,1990-08-16,St. Malo,MB,CAN,CAN,74,205,R,2008,2,53,,25,Travis,Hamonic,NYI,NYI,D,71, , ,72,5,16,5,21,-5,147,70,114,3.40%,1.50%,102918,23.8,1808,25.1,56.9,67,2.3,0,0,0.00%,,,,0,,0,142,148,128,70,61,44,5,5.2,4.5,2.4,2.1,1.5,35,10,1,1,0,0,312,7.4,,, ,,1,0,1,1,0,0,2,0,0,0,3,0,0,0%,0.8,3.2,4,0.06,0.14,6,28,38.8,-11.8,1.8,3.7,0,5.5,0.08,0.19,56.9,0,0,6,64,1,0,74,14,1,2,55,0,2,0,186,10,Lower body,3.75,3.857,3.857,470,0,-1.5
5,1997-01-25,Boston,MA,USA,USA,75,206,L,2015,1,5,Y,19,Noah,Hanifin,CAR,CAR,D,78, , ,79,4,18,15,22,-14,122,57,101,3.30%,1.40%,84865,17.9,1769,22.4,48,182,7.7,0,0,0.00%,,,,0,,0,74,67,78,57,49,42,3.1,2.8,3.3,2.4,2.1,1.8,22,11,0,0,0,0,167,-0.5,1,1,100%,1,0,0,0,0,0,0,3,1,0,0,0,0,0,0%,1.2,2.6,3.8,0.05,0.16,1,32.5,26.9,-1.9,0.8,2,0.5,3.2,0.04,0.14,47.9,0,1,8,48,4,0,48,29,1,3,37,0,1,2,186,0,,0.925,0.925,1.775,0,0.85,0.6
71,1991-06-08,Keswick,ON,CAN,CAN,72,193,L,,,,Y,24,Joel,Hanley,MTL,MTL,D,10, , ,10,0,6,3,6,0,10,5,2,0.00%,0.00%,9599,16,216,21.6,44.4,26,9.8,0,0,0.00%,,,,0,,0,16,6,19,5,4,2,6,2.3,7.1,1.9,1.5,0.8,0,0,0,0,0,0,25,1.6,,, ,,0,0,0,0,0,0,0,0,0,0,0,0,0,0%,0.5,0.3,0.8,0.08,0.3,3,3.4,4.6,0.2,1.3,0.6,0,1.9,0.19,0.71,54.3,0,0,0,5,0,0,5,0,0,0,5,0,0,1,21,0,,0.667,0.667,0.075,0,0,1.9
33,1993-03-26,Helsinki,,FIN,FIN,74,189,L,,,,Y,22,Markus,Hannikainen,CBJ,CBJ,LW,4, , ,4,0,0,0,0,-2,3,0,0,0.00%,0.00%,1715,7.1,48,12,35.7,0,0,0,0,0.00%,,,,0,,0,9,7,0,0,0,1,18.9,14.7,0,0,0,2.1,0,0,0,0,0,0,7,-0.1,,, ,,0,0,0,0,0,0,0,0,0,0,0,0,0,0%,-0.1,-0.1,-0.1,-0.03,-0.21,2,0.6,0.6,-1.9,-0.3,-0.1,0,-0.4,-0.1,-0.84,55.3,0,0,0,0,0,0,0,2,0,0,1,0,0,0,56,20,Shoulder,0.693,0.718,0.216,232,0,-0.5
36,1986-03-15,RÃ¸dovre,,DNK,DNK,73,195,R,2004,9,287,,29,Jannik,Hansen,VAN,VAN,RW/LW,67, , ,67,22,16,12,38,16,117,39,34,18.80%,11.60%,66065,16.4,1494,22.3,44.2,98,5.3,6,15,28.60%,1,0,18,6,3,0,36,39,19,39,24,25,2,2.1,1,2.1,1.3,1.4,32,15,0,0,0,0,90,-1.4,2,0,0%,0,4,1,5,0,4,1,4,3,1,0,9,0,0,0%,3.7,2.1,5.8,0.09,0.32,4,24,27.2,24.9,6.4,5.2,-0.4,11.2,0.17,0.61,32,0,3,4,32,15,4,27,10,3,0,58,3,5,1,186,15,"Undisclosed, Upper body",2.5,2.5,2.5,457,0,7.1
11,1987-02-20,Pisek,,CZE,CZE,78,226,L,2005,1,17,,28,Martin,Hanzal,ARI,ARI,C,63, , ,64,13,28,14,41,-5,141,61,41,9.20%,5.30%,68342,17.8,1474,23,46.4,119,6.3,586,461,56.00%,19,12,637,366,410,220,65,126,28,61,21,27,3.4,6.6,1.5,3.2,1.1,1.4,77,30,1,0,1,0,232,0.1,,, ,,4,0,2,0,3,1,1,1,2,0,5,0,0,0%,3,1,4,0.06,0.21,6,26.9,23.2,2.5,4.9,1.2,0,6.1,0.1,0.32,26.7,0,1,4,56,27,5,11,11,12,3,72,3,0,2,186,18,"Upper body, Lower body",3.5,3.1,3.1,680,0,0.7
67,1995-01-12,Hamilton,ON,CAN,CAN,78,222,L,2013,4,108,Y,21,Ben,Harpur,OTT,OTT,D,5, , ,5,0,1,1,1,1,3,1,0,0.00%,0.00%,4098,13.7,87,17.4,47.1,11,9.7,0,0,0.00%,,,,0,,0,9,9,7,1,2,0,7.9,7.9,6.1,0.9,1.8,0,2,1,0,0,0,0,18,-0.7,,, ,,0,0,0,0,0,0,0,0,0,0,0,0,0,0%,0,0.2,0.2,0.04,0.18,4,1.2,1.3,1,0.1,0.2,0,0.3,0.06,0.26,53,0,0,1,0,0,0,0,0,0,0,3,0,0,0,8,0,,0.655,0.653,0.034,0,0.145,0.3
36,1993-03-10,Kingston,ON,CAN,CAN,74,216,L,2011,2,54,Y,22,Scott,Harrington,TOR,TOR,D,15, , ,15,0,1,0,1,0,9,8,14,0.00%,0.00%,11785,13.1,302,20.1,39,0,0,0,0,0.00%,,,,0,,0,23,23,16,8,3,1,7,7,4.9,2.4,0.9,0.3,4,2,0,0,0,0,43,-1.2,,, ,,0,0,0,0,0,0,0,0,0,0,0,0,0,0%,-0.1,0.5,0.3,0.02,0.09,1,2.7,3,0.8,-0.3,0.3,0,0,0,0,50.1,0,0,0,8,1,0,4,2,0,0,2,0,0,0,52,4,Upper body,0.575,0.589,0.251,44,0.308,-0.2
38,1994-09-20,Hilton Head Isl.,SC,USA,USA,71,191,R,2013,1,30,Y,21,Ryan,Hartman,CHI,CHI,RW,3, , ,3,0,1,1,1,-1,3,4,3,0.00%,0.00%,1663,9.2,43,14.3,38.7,18,39,1,3,25.00%,,,3,1,1,0,8,5,3,4,1,3,17.3,10.8,6.5,8.7,2.2,6.5,0,0,0,0,0,0,8,-0.1,,, ,,0,0,0,0,0,0,0,0,0,0,0,0,0,0%,0,0,0,0,0,3,0.8,0.8,-1.1,0,0,0,0,0,0,50.7,0,0,0,4,0,0,1,0,0,0,2,0,0,0,6,0,,0.925,0.894,0.028,0,0,0
43,1982-04-18,Regina,SK,CAN,CAN,74,214,L,2000,1,6,,33,Scott,Hartnell,CBJ,CBJ,LW,78, , ,79,23,26,15,49,-11,150,49,41,15.30%,9.60%,73865,15.6,1624,20.6,45.5,151,7.4,0,3,0.00%,,,2,0,1,0,66,131,41,49,32,20,3.2,6.4,2,2.4,1.6,1,112,36,4,1,1,0,288,-15.6,,, ,,2,1,1,1,2,0,2,7,6,0,6,0,0,0%,4.7,0.9,5.6,0.07,0.27,6,32.5,25.5,-1.1,6.9,0.7,0,7.6,0.1,0.37,26.9,0,3,2,44,13,2,12,57,19,0,47,1,3,2,186,0,,5,4.75,4.75,0,0,-1.3
64,1991-11-23,Kennebunkport,ME,USA,USA,74,208,R,,,,Y,24,Garnet,Hathaway,CGY,CGY,RW,14, , ,14,0,3,3,3,-1,11,5,3,0.00%,0.00%,10095,12,262,18.7,38.5,31,11.1,1,3,25.00%,,,3,0,1,1,17,50,17,5,3,4,6.1,17.8,6.1,1.8,1.1,1.4,31,8,1,1,0,0,99,-1.3,,, ,,0,0,0,0,0,0,0,0,0,0,0,0,0,0%,-0.1,0.1,0,0,0,2,3.1,3.1,-0.3,-0.4,0.3,0,-0.1,-0.01,-0.04,19.4,0,0,0,5,1,1,0,0,3,0,6,0,0,0,28,0,,0.657,0.69,0.104,0,0,-0.1
56,1991-03-23,Pori,,FIN,FIN,72,193,L,2009,7,182,,24,Erik,Haula,MIN,MIN,C/LW,75, , ,76,14,20,13,34,21,99,27,37,14.10%,8.60%,58036,12.7,1418,18.7,40.9,100,6.2,416,365,53.30%,5,5,495,259,286,157,65,57,55,27,13,34,4,3.5,3.4,1.7,0.8,2.1,24,12,0,0,0,0,136,-4.5,,, ,,4,0,2,2,4,0,0,3,0,0,6,0,0,0%,2.7,2.1,4.8,0.06,0.3,4,18.7,23.7,17.3,6.1,5,0,11,0.14,0.68,31.8,0,0,1,26,13,1,8,12,4,1,60,4,1,2,186,2,"Undisclosed, Illness",0.95,1,1,24,0,10
29,1981-04-19,Mlada Boleslav,,CZE,CZE,74,210,L,1999,1,26,,34,Martin,Havlat,STL,STL,RW/LW,2, , ,2,1,0,0,1,0,3,1,0,33.30%,25.00%,1307,10.9,32,16,40.8,0,0,0,0,0.00%,,,,0,,0,3,1,0,1,0,3,8.3,2.8,0,2.8,0,8.3,0,0,0,0,0,0,1,1,,, ,,1,0,1,0,0,0,0,1,0,0,0,0,0,0%,0.2,0,0.2,0.1,0.55,2,0.5,0.5,-0.1,0.3,0,0,0.3,0.15,0.83,25.3,0,0,0,1,1,0,0,1,0,0,1,0,1,0,194,0,,0.6,0.6,0.026,0,0,1.5
11,1989-11-21,Boston,MA,USA,USA,77,215,R,2008,2,60,,26,Jimmy,Hayes,BOS,BOS,RW,75, , ,75,13,16,5,29,-12,127,34,24,10.20%,7.00%,62219,13.8,1350,18,46.1,61,3.5,42,70,37.50%,,,70,26,42,16,108,128,15,34,28,25,6.2,7.4,0.9,2,1.6,1.4,60,20,2,1,0,0,205,-8.2,,, ,,3,0,0,1,0,1,0,1,4,0,7,0,0,0%,1.8,0.6,2.4,0.03,0.14,2,22.1,18.4,-12.4,2.6,-0.1,0,2.5,0.03,0.14,26.7,0,0,4,30,12,3,10,17,14,2,69,1,2,1,186,2,Undisclosed,2,2.3,2.3,56,0,-1.2
13,1992-05-08,Dorchester,MA,USA,USA,77,227,L,2010,1,24,,23,Kevin,Hayes,NYR,NYR,RW/C,78, , ,79,14,22,14,36,4,133,56,56,10.50%,5.70%,64762,13.7,1491,18.9,43.4,144,8,137,244,36.00%,4,2,238,88,134,44,65,59,23,56,42,24,3.6,3.3,1.3,3.1,2.3,1.3,30,10,0,1,0,0,112,-2,,, ,,1,0,3,0,1,0,0,3,1,0,9,0,0,0%,2.7,1.2,3.9,0.05,0.22,1,22.4,19.8,-0.7,5.4,1.8,0,7.2,0.09,0.4,28.7,0,2,1,53,11,1,15,17,7,5,77,0,4,1,186,0,,0.9,0.9,3.75,0,2.85,0.4
77,1990-12-18,Ornskoldsvik,,SWE,SWE,78,223,L,2009,1,2,,25,Victor,Hedman,TBL,TBL,D,77, , ,78,10,37,22,47,21,180,88,139,5.60%,2.50%,107950,23.1,2047,26.2,52.7,202,6.7,0,0,0.00%,,,,0,,0,139,62,132,88,62,48,4.6,2.1,4.4,2.9,2.1,1.6,46,18,0,1,0,0,240,-0.1,1,0,0%,0,2,0,0,2,2,0,2,2,1,0,3,0,0,0%,4.3,5.8,10.1,0.13,0.34,5,39.3,39.9,14.1,9.7,7.3,-0.2,16.7,0.21,0.56,52.9,1,5,7,75,7,1,76,11,1,0,85,3,2,5,186,3,"Upper body, Undisclosed",5.75,4,4,146,0,9.4
39,1990-10-08,Faribault,MN,USA,USA,76,210,L,2009,4,114,Y,25,Seth,Helgeson,NJD,NJD,D,19, , ,19,0,1,1,1,-5,9,9,4,0.00%,0.00%,15910,14,382,20.1,41.6,44,10,0,0,0.00%,,,,0,,0,25,46,23,9,8,2,5.7,10.4,5.2,2,1.8,0.5,17,6,1,0,0,0,87,-1.8,,, ,,0,0,0,0,0,0,0,0,0,0,0,0,0,0%,-0.2,0.3,0.1,0.01,0.02,2,3.3,4,-4.5,-0.4,-0.1,0,-0.5,-0.03,-0.11,53.8,0,0,0,9,0,0,4,3,0,0,2,0,0,0,54,0,,0.575,0.588,0.171,0,0,-0.5
43,1987-01-21,St. Andrews,MB,CAN,CAN,72,196,L,2005,5,132,,29,Darren,Helm,DET,DET,C,76, , ,77,13,13,7,26,-2,165,59,67,7.90%,4.50%,69615,15.1,1664,21.6,41.8,84,4.3,39,38,50.60%,,,42,16,35,23,106,115,26,59,16,22,5.5,5.9,1.3,3.1,0.8,1.1,32,16,0,0,0,0,173,12.5,1,0,0%,0,3,1,3,2,0,0,0,4,0,0,9,0,0,0%,1.2,1.3,2.4,0.03,0.12,6,22.5,27.5,-0.8,1.5,3.7,-0.2,5,0.06,0.26,26.8,1,1,7,50,13,4,15,37,4,5,87,2,0,2,186,5,"Illness, Shoulder",2.5,2.125,2.125,130,0,1.6
83,1983-08-13,Pardubice,,CZE,CZE,72,185,R,2001,1,13,,32,Ales,Hemsky,DAL,DAL,RW,74, , ,75,13,26,16,39,3,155,40,70,8.40%,4.90%,58969,13.1,1468,19.6,40.2,145,8.9,2,4,33.30%,,,6,2,,0,93,25,26,40,36,22,5.7,1.5,1.6,2.4,2.2,1.3,20,10,0,0,0,0,71,-0.9,,, ,,3,0,0,1,1,0,0,0,0,1,11,0,0,0%,3.2,1,4.2,0.06,0.26,2,21.9,20.3,-0.2,6.6,1.6,0,8.2,0.11,0.5,28.7,0,0,5,35,12,0,12,5,1,4,121,0,3,0,186,7,"Lower body, Hip",4,4,4,341,0,0.9
23,1981-06-17,Blaine,MN,USA,USA,72,207,L,2000,5,131,,34,Matt,Hendricks,EDM,EDM,LW/RW,67, , ,68,5,7,4,12,2,62,24,32,8.10%,4.20%,54010,13.2,1307,19.2,41.3,53,3.5,251,202,55.40%,6,5,254,158,199,93,106,175,68,24,20,14,7.1,11.7,4.5,1.6,1.3,0.9,82,16,8,1,0,0,333,-5.6,5,2,40%,1,0,0,0,0,0,1,0,1,0,0,3,0,0,0%,-0.6,1.2,0.6,0.01,0.04,5,10.9,14.4,3.9,0.2,2.4,0.3,2.9,0.04,0.19,34.7,0,2,2,20,5,2,9,10,2,4,30,1,3,1,186,11,"Undisclosed, Foot",1.85,1.85,1.85,248,0,0.1
14,1990-02-06,Brantford,ON,CAN,CAN,72,195,L,2008,3,82,,26,Adam,Henrique,NJD,NJD,C/LW,79, , ,80,30,20,7,50,10,149,46,43,20.10%,12.60%,95167,19.8,2028,25.4,46.9,42,1.6,617,764,44.70%,31,16,881,400,500,217,79,66,56,46,27,38,3,2.5,2.1,1.7,1,1.4,23,9,1,0,0,0,146,1.4,4,1,25%,0,4,2,8,1,5,0,0,6,6,1,12,0,0,0%,4.7,2.8,7.6,0.1,0.29,8,36.9,38.2,19.7,6.7,7,-0.2,13.5,0.17,0.51,24.9,1,3,5,37,20,2,11,53,16,1,46,4,7,1,186,2,Lower body,4,4,4,98,0,6.2
48,1993-11-12,Praha,,CZE,CZE,74,210,L,2012,1,17,,22,Tomas,Hertl,SJS,SJS,C/RW/LW,81, , ,81,21,25,12,46,16,202,66,80,10.40%,6.00%,77629,16,1784,22,43.5,124,5.8,256,201,56.00%,9,3,289,161,168,95,109,90,60,66,41,35,5.1,4.2,2.8,3.1,1.9,1.6,26,13,0,0,0,0,176,5.6,,, ,,2,1,3,0,3,3,1,2,4,0,8,0,0,0%,3.9,2.2,6.1,0.08,0.28,5,28.7,25.5,15.1,6.9,4.5,0,11.4,0.14,0.53,23.2,2,3,11,50,29,7,13,21,17,13,102,3,5,2,186,1,Lower body,0.925,0.925,1.35,16,0.425,9.7
14,1989-02-08,Calgary,AB,CAN,CAN,72,189,L,2007,1,4,,26,Thomas,Hickey,NYI,NYI,D,61, , ,62,6,12,7,18,9,55,45,51,10.90%,4.00%,64745,17.4,1383,22.3,46.8,74,4.1,0,0,0.00%,,,,0,,0,104,65,90,45,41,18,5.8,3.6,5,2.5,2.3,1,30,15,0,0,0,0,185,0,,, ,,0,1,2,0,2,0,3,0,0,0,1,0,0,0%,1.3,3,4.3,0.07,0.24,2,17.4,22.9,6,3,3.7,0,6.8,0.11,0.38,47.8,0,1,2,42,3,1,18,6,4,1,22,1,1,1,186,19,"Lower body, Upper body",1.25,2.2,2.2,510,0,3.3
20,1983-06-02,Smithtown,NY,USA,USA,72,205,L,2002,1,14,,32,Chris,Higgins,VAN,VAN,LW,33, , ,33,3,1,1,4,-14,51,18,17,5.90%,3.50%,27281,13.8,666,20.2,41,25,3.3,1,2,33.30%,,,2,1,1,0,29,15,18,18,8,7,3.8,2,2.4,2.4,1.1,0.9,4,2,0,0,0,0,37,-1,2,0,0%,0,1,0,0,0,0,0,0,0,0,0,3,0,0,0%,-0.5,0,-0.5,-0.02,-0.07,2,9,10.3,-11,-2.1,0.1,-0.4,-2.5,-0.08,-0.33,28.3,0,1,2,15,5,2,0,10,3,1,30,0,1,0,186,20,"Lower body, Undisclosed, Foot",2.5,2.5,2.163,610,0,-5.9
48,1994-04-03,Chicago,IL,USA,USA,69,158,R,2012,6,169,Y,21,Vincent,Hinostroza,CHI,CHI,C,7, , ,7,0,0,0,0,-1,6,3,1,0.00%,0.00%,3650,8.7,91,13,40.1,0,0,13,19,40.60%,,,25,11,7,2,9,2,2,3,1,3,8.9,2,2,3,1,3,6,2,0,0,0,0,10,-0.1,,, ,,0,0,0,0,0,0,0,0,0,0,0,0,0,0%,-0.2,0,-0.1,-0.01,-0.1,1,1,1,-1.1,-0.5,0,0,-0.4,-0.06,-0.39,27.8,0,0,0,3,1,0,0,1,0,0,4,0,0,0,19,0,,0.667,0.718,0.073,0,0,-0.4
4,1987-06-06,Eksjo,,SWE,SWE,75,197,L,2005,4,108,,28,Niklas,Hjalmarsson,CHI,CHI,D,81, , ,81,2,22,7,24,13,77,36,71,2.60%,1.10%,108758,22.4,2491,30.8,43.7,38,1.3,0,0,0.00%,,,,0,,0,200,32,151,36,65,31,6.6,1.1,5,1.2,2.2,1,32,16,0,0,0,0,215,5.3,,, ,,1,0,0,0,0,0,1,0,0,0,1,0,0,0%,0.6,4.9,5.6,0.07,0.19,5,30.6,42.5,4.9,1.5,5.6,0,7.2,0.09,0.24,47.5,0,1,2,33,6,0,42,5,0,0,24,0,0,1,186,0,,4.2,4.1,4.1,0,0,-0.4
11,1990-02-18,Toronto,ON,CAN,CAN,72,191,R,2008,1,10,,25,Cody,Hodgson,NSH,NSH,C,39, , ,39,3,5,4,8,2,65,30,27,4.60%,2.50%,25115,10.7,595,15.3,42.2,71,10.2,46,52,46.90%,,,61,28,37,18,21,25,6,30,7,7,3,3.6,0.9,4.3,1,1,6,3,0,0,0,0,37,3.3,,, ,,1,0,2,0,1,0,0,0,0,0,2,1,1,100%,0.1,0.6,0.6,0.02,0.09,1,6.3,6,2,0.5,0.9,0,1.5,0.04,0.22,31.5,2,0,3,25,6,0,9,14,1,3,32,0,1,0,372,0,,1.05,1.05,1.648,0,0,0.3
68,1989-11-24,Kitchener,ON,CAN,CAN,73,180,L,2009,5,130,,26,Mike,Hoffman,OTT,OTT,LW,77, , ,78,29,30,19,59,1,242,90,133,12.00%,6.20%,82102,17.5,1674,21.5,49,162,7.1,8,10,44.40%,,,7,2,11,6,60,22,29,90,45,44,2.6,1,1.3,3.9,2,1.9,18,9,0,0,0,0,69,3.1,3,1,33%,1,2,1,3,1,0,1,10,5,0,0,13,0,2,200%,6.4,1.2,7.6,0.1,0.33,6,33.4,26.7,3.4,12,2,0,14,0.18,0.61,38.4,3,8,19,60,11,3,62,43,4,1,118,4,5,3,186,4,Lower body,2,2,2,98,0,10.9
2,1987-05-15,St. Albert,AB,CAN,CAN,76,210,L,,,,,28,Nick,Holden,COL,COL,D,82, , ,82,6,16,8,22,-1,98,37,65,6.10%,3.00%,107652,21.9,2312,28.2,46.6,91,3,0,0,0.00%,,,,0,,0,120,217,118,37,26,21,4,7.3,3.9,1.2,0.9,0.7,24,12,0,0,0,0,359,3.8,,, ,,1,0,0,0,1,1,1,0,0,0,3,0,0,0%,0.9,3.9,4.7,0.06,0.16,6,30.8,43.3,3.4,1.4,5,0,6.4,0.08,0.21,50.4,0,0,0,37,7,3,33,9,0,1,45,0,1,0,186,0,,1.5,1.65,1.65,0,0,4.1
24,1991-01-14,Toronto,ON,CAN,CAN,74,201,L,2009,1,15,,25,Peter,Holland,TOR,TOR,C,64, , ,65,9,18,13,27,-16,138,59,41,6.50%,3.80%,57197,14.7,1339,20.6,42.7,172,10.8,216,249,46.50%,1,0,286,136,179,80,69,78,19,59,21,34,4.3,4.9,1.2,3.7,1.3,2.1,28,9,2,0,0,0,127,-3.5,9,4,44%,1,2,0,1,0,2,0,0,4,2,0,1,0,0,0%,1.3,0.5,1.8,0.03,0.11,3,20,15.3,-8.7,1.9,-0.2,0.7,2.4,0.04,0.15,31.4,2,3,4,50,9,2,11,35,6,1,74,1,0,2,186,12,Concussion,0.775,0.775,0.775,113,0,1.9
52,1988-03-01,Wapella,SK,CAN,CAN,72,194,R,2006,3,86,,27,Bud,Holloway,MTL,MTL,C/RW,1, , ,1,0,0,0,0,0,1,0,0,0.00%,0.00%,439,7.3,10,10,43.9,0,0,0,1,0.00%,,,1,0,,0,1,0,0,0,1,2,8.2,0,0,0,8.2,16.4,0,0,0,0,0,0,0,0,,, ,,0,0,0,0,0,0,0,0,0,0,0,0,0,0%,0,0,0,0,0,0,0.1,0,0,0,0,0,0,0,0,50,0,0,0,0,0,0,0,1,0,0,0,0,0,0,6,0,,0.575,0.575,0.019,0,0,0
5,1988-02-16,Munich,,DEU,DEU,75,215,R,2006,4,111,,27,Korbinian,Holzer,ANA,ANA,D,30, , ,29,0,3,3,3,-3,17,11,14,0.00%,0.00%,25672,14.8,547,18.9,46.9,40,5.6,0,0,0.00%,,,,0,,0,37,57,32,11,8,2,5.2,8,4.5,1.5,1.1,0.3,10,5,0,0,0,0,99,0.7,,, ,,0,0,0,0,0,0,0,0,0,0,0,0,0,0%,-0.2,0.9,0.7,0.02,0.1,3,8.1,9.3,-3.5,-0.9,0.6,0,-0.3,-0.01,-0.04,43.1,0,0,0,11,0,0,8,1,1,0,7,0,0,0,175,1,Illness,0.75,0.75,0.706,9,0,-0.7
22,1978-09-17,Trail,BC,CAN,CAN,73,210,L,1998,4,99,,37,Shawn,Horcoff,ANA,ANA,C/LW,59, , ,59,6,9,6,15,1,73,27,16,8.20%,5.20%,47036,13.3,1170,19.8,40.2,86,6.6,320,306,51.10%,16,9,405,208,221,112,45,58,24,27,28,12,3.4,4.4,1.8,2.1,2.1,0.9,34,17,0,0,0,0,116,-12.9,,, ,,3,0,2,0,0,1,1,2,1,0,1,0,0,0%,0.2,1.1,1.3,0.02,0.1,2,13.8,16.1,-0.6,0.1,2.7,0,2.7,0.05,0.21,25.9,0,1,1,25,2,2,17,11,8,1,32,0,0,1,186,0,,1.75,1.75,1.75,0,0,0.1
72,1987-01-01,Sollentuna,,SWE,SWE,71,189,R,2005,7,230,,29,Patric,Hornqvist,PIT,PIT,RW,82, , ,82,22,29,15,51,15,257,71,64,8.60%,5.60%,82896,16.8,1871,22.8,44.3,163,7.1,5,3,62.50%,,,7,4,1,1,192,160,54,71,8,28,8.3,6.9,2.3,3.1,0.3,1.2,36,18,0,0,0,0,250,10.5,,, ,,5,0,3,0,3,0,1,3,8,0,7,0,0,0%,4.4,2,6.4,0.08,0.28,7,33.8,24.7,9.8,6.6,2.1,0,8.7,0.11,0.38,25.8,0,6,8,57,23,3,19,29,30,5,148,2,5,3,186,0,,4.25,4.25,4.25,0,0,0.8
53,1995-04-05,London,ON,CAN,CAN,72,206,L,2013,1,9,,20,Bo,Horvat,VAN,VAN,C,82, , ,82,16,24,13,40,-30,155,43,47,10.30%,6.50%,84291,17.1,2014,24.6,41.9,120,5.1,760,733,50.90%,15,8,934,479,559,281,70,69,53,43,17,27,3,2.9,2.3,1.8,0.7,1.2,18,9,0,0,0,0,140,4.4,2,0,0%,0,1,1,4,0,0,1,1,2,0,0,12,0,0,0%,2.4,0.5,2.9,0.04,0.12,7,33.4,36.5,-18.6,1.8,1.8,-0.4,3.2,0.04,0.14,22.3,0,1,8,34,16,8,5,18,7,7,94,4,3,3,186,0,,0.925,0.894,1.744,0,0.85,0.7
81,1979-01-12,StarÃ¡ Lubovna,,SVK,SVK,73,207,L,1997,1,12,,37,Marian,Hossa,CHI,CHI,RW,64, , ,64,13,20,14,33,10,191,40,76,6.80%,4.20%,66284,17.3,1542,24.1,43,170,9.2,0,2,0.00%,,,2,0,,0,75,37,33,40,25,44,4.1,2,1.8,2.2,1.4,2.4,24,12,0,0,0,0,94,3.3,,, ,,2,1,2,1,0,1,2,4,0,0,6,0,0,0%,2.1,1.6,3.7,0.06,0.2,5,19.8,22.1,6.4,4.9,3.2,0,8.1,0.13,0.44,27.1,1,1,6,32,11,1,22,31,4,2,120,3,2,3,186,18,"Lower body, Illness, Leg, Upper body",7.9,5.275,5.275,1158,0,-2
42,1992-01-21,Winnipeg,MB,CAN,CAN,74,189,L,2010,1,25,,24,Quinton,Howden,FLA,FLA,C/LW,58, , ,58,6,5,3,11,-1,54,15,13,11.10%,7.30%,36095,10.4,782,13.5,46.2,44,4.4,3,3,50.00%,,,3,1,3,2,80,116,10,15,7,9,8,11.6,1,1.5,0.7,0.9,18,9,0,0,0,0,144,-1.1,,, ,,1,0,0,1,1,0,0,0,0,0,5,0,0,0%,0.3,0.6,0.8,0.01,0.08,1,10.3,10,-4.6,0.4,0.8,0,1.2,0.02,0.12,28.5,0,0,4,11,6,0,5,9,4,1,29,0,0,1,186,4,Concussion,0.851,0.851,0.851,41,0,0.6
,1991-08-28,Cadca,,SVK,SVK,74,205,R,,,,Y,24,Marek,Hrivik,NYR,NYR,RW/LW,4, , ,5,0,1,0,1,3,3,0,2,0.00%,0.00%,3215,10.7,83,16.6,38.7,0,0,3,2,60.00%,,,4,3,1,0,5,6,1,0,3,0,5.6,6.7,1.1,0,3.4,0,0,0,0,0,0,0,7,-0.1,,, ,,0,0,0,0,0,0,0,0,0,0,0,0,0,0%,0,0.2,0.1,0.02,0.11,2,0.9,1.2,2.7,0,0.4,0,0.4,0.08,0.45,32.7,0,0,0,0,1,0,0,0,0,0,2,0,0,0,9,0,,0.575,0.575,0.028,0,0,0.4
11,1993-06-04,Saint-Jerome,QC,CAN,CAN,73,188,L,2011,1,3,,22,Jonathan,Huberdeau,FLA,FLA,LW,76, , ,76,20,39,21,59,17,174,51,44,11.50%,7.40%,82735,18.1,1639,21.6,50.5,170,7.4,7,11,38.90%,,,10,3,8,4,99,53,36,51,46,32,4.3,2.3,1.6,2.2,2,1.4,43,18,1,0,0,0,133,7.9,7,2,29%,0,2,0,2,2,1,0,2,4,2,0,10,0,1,100%,5.2,2.1,7.3,0.1,0.32,7,35.6,30.9,7.2,8.8,3.6,-0.2,12.2,0.16,0.53,24.6,0,3,4,44,18,0,24,33,13,9,77,6,5,4,186,6,Upper body,2.5,3.25,3.25,238,0,6.5
24,1984-01-04,Olomouc,,CZE,CZE,70,183,L,2002,2,58,,32,Jiri,Hudler,FLA,"CGY, FLA",RW/LW,52,19, ,72,16,30,17,46,-1,109,35,36,14.70%,8.90%,68080,15.8,1598,22.2,42.6,142,7.5,11,15,42.30%,,,16,6,10,5,33,28,7,35,25,23,1.7,1.5,0.4,1.9,1.3,1.2,27,11,1,0,0,0,63,4.5,1,1,100%,1,3,0,1,0,3,0,1,0,1,0,11,0,0,0%,3.7,1.1,4.8,0.07,0.25,5,28.1,23.5,3.5,6,2.2,0.5,8.7,0.12,0.46,25.3,1,2,4,28,24,1,23,7,10,1,43,0,5,0,186,6,"Groin, Lower body, Illness",4,4,4,293,0,1.4
54,1994-06-23,Alma,QC,CAN,CAN,70,195,L,2012,5,122,Y,21,Charles,Hudon,MTL,MTL,LW,3, , ,3,0,2,1,2,2,3,4,0,0.00%,0.00%,1925,10.7,46,15.3,41.8,7,13.1,0,1,0.00%,,,1,0,,0,3,7,1,4,0,2,5.6,13.1,1.9,7.5,0,3.7,0,0,0,0,0,0,8,0,,, ,,0,0,0,0,0,0,0,0,0,0,0,0,0,0%,0.1,0.1,0.3,0.1,0.56,4,0.5,0.5,2.1,0.4,0.3,0,0.7,0.23,1.31,34.3,0,0,0,4,0,0,0,0,0,0,3,0,0,0,13,0,,0.65,0.625,0.051,0,0.1,0.7
24,1988-08-24,Maple Ridge,BC,CAN,CAN,69,187,L,,,,,27,Brad,Hunt,EDM,EDM,D,7, , ,7,0,0,0,0,-1,12,4,10,0.00%,0.00%,5955,14.2,130,18.6,45.8,0,0,0,0,0.00%,,,,0,,0,4,7,7,4,6,2,2.4,4.2,4.2,2.4,3.6,1.2,2,1,0,0,0,0,16,-0.5,,, ,,0,0,0,0,0,0,0,0,0,0,0,0,0,0%,-0.1,0.1,0,0,0,1,1,1.1,-0.7,-0.2,0,0,-0.3,-0.04,-0.18,52.3,0,0,0,4,0,0,7,1,0,0,4,0,0,0,27,0,,0.6,0.6,0.087,0,0,-0.3
2,1985-05-21,Warren,MI,USA,USA,71,191,L,2004,7,224,,30,Matt,Hunwick,TOR,TOR,D,60, , ,60,2,8,5,10,-17,74,46,63,2.70%,1.10%,81229,22.6,1808,30.1,44.9,56,2.5,0,0,0.00%,,,,0,,0,137,126,98,46,44,24,6.1,5.6,4.3,2,2,1.1,32,16,0,0,0,0,256,-8.5,,, ,,1,0,1,0,0,0,1,0,0,0,1,0,0,0%,-0.4,1.7,1.3,0.02,0.06,5,21.7,32.6,-11.1,-1.3,2.7,0,1.4,0.02,0.06,51.7,0,1,3,42,3,1,21,12,1,0,36,1,0,0,186,22,"Hernia, Undisclosed, Illness",1.2,1.2,1.2,322,0,0
27,1993-04-20,Brockville,ON,CAN,CAN,74,183,L,2012,5,147,Y,22,Ben,Hutton,VAN,VAN,D,75, , ,75,1,24,12,25,-21,104,43,90,1.00%,0.40%,89430,19.9,1968,26.2,45.4,160,6.4,0,0,0.00%,,,,0,,0,107,42,100,43,53,30,4.3,1.7,4,1.7,2.1,1.2,14,7,0,0,0,0,156,11.2,,, ,,1,0,0,0,0,0,0,0,0,0,1,0,0,0%,1.1,1.9,3,0.04,0.12,4,32,27.9,-7.6,1.4,0.1,0,1.5,0.02,0.06,51.1,0,2,8,33,2,1,28,9,1,0,63,0,3,1,186,7,Lower body,0.868,0.896,0.896,81,0,0.8
11,1992-06-09,Toronto,ON,CAN,CAN,72,202,R,2010,5,123,Y,23,Zach,Hyman,TOR,TOR,C,16, , ,16,4,2,2,6,0,37,20,11,10.80%,5.90%,15059,15.7,360,22.5,41.8,0,0,1,2,33.30%,,,2,1,1,0,47,31,8,20,2,9,11.2,7.4,1.9,4.8,0.5,2.2,18,4,0,1,0,0,57,3.4,,, ,,0,0,0,1,0,0,0,2,1,0,1,0,0,0%,0.4,0.3,0.7,0.04,0.17,4,4.5,5.1,1.4,0.7,0.7,0,1.4,0.09,0.33,25.5,0,0,1,19,8,1,1,8,6,1,12,0,0,1,31,0,,0.9,0.9,0.15,0,0,1.3
12,1977-07-01,Edmonton,AB,CAN,CAN,73,210,R,1995,1,11,,38,Jarome,Iginla,COL,COL,RW,82, , ,82,22,25,16,47,-22,182,59,101,12.10%,6.40%,78039,15.9,1587,19.4,49.2,179,8.3,61,54,53.00%,,,89,47,26,14,66,70,45,59,22,22,3,3.2,2.1,2.7,1,1,41,13,3,0,0,0,159,0.6,,, ,,6,0,3,1,2,0,4,1,1,0,14,0,0,0%,4,0.6,4.6,0.06,0.21,6,32.8,24.3,-10.9,5.4,-0.5,0,4.9,0.06,0.23,33.1,1,0,3,55,7,2,48,22,7,1,95,3,1,3,186,0,,5.5,5.333,5.333,0,0,-5.3
52,1987-11-29,Victoria,BC,CAN,CAN,73,207,L,,,,,28,Matt,Irwin,BOS,BOS,D,2, , ,2,0,0,0,0,-5,3,1,1,0.00%,0.00%,1792,14.9,43,21.5,41.7,0,0,0,0,0.00%,,,,0,,0,3,1,0,1,0,0,6,2,0,2,0,0,0,0,0,0,0,0,1,0.1,,, ,,0,0,0,0,0,0,0,0,0,0,0,0,0,0%,0,-0.4,-0.4,-0.2,-0.8,1,1.3,1.5,-4.9,-0.3,-0.6,0,-0.9,-0.45,-1.81,56.7,0,0,0,1,0,0,2,0,0,0,1,0,0,0,5,0,,0.8,0.8,0.022,0,0,-0.9
5,1981-03-05,Trail,BC,CAN,CAN,72,203,L,1999,1,17,,34,Barret,Jackman,NSH,NSH,D,72, , ,73,1,4,1,5,1,64,29,37,1.60%,0.80%,60695,13.9,1342,18.4,45.2,17,1,0,0,0.00%,,,,0,,0,94,100,86,29,35,8,5.6,5.9,5.1,1.7,2.1,0.5,76,18,6,0,1,0,268,-9.8,,, ,,0,0,1,0,0,0,0,1,0,0,0,0,0,0%,-0.6,2.4,1.8,0.02,0.11,2,15.1,21.2,-0.9,-1.6,3,0,1.3,0.02,0.08,56.6,0,1,3,25,0,1,17,10,0,0,36,0,0,1,186,2,Upper body,2,2,2,49,0,-1.8
,1981-11-14,Minot,ND,USA,USA,74,225,R,2001,2,38,,34,Tim,Jackman,ANA,ANA,RW,2, , ,2,0,0,0,0,-2,1,0,0,0.00%,0.00%,688,5.7,18,9,38.2,0,0,0,0,0.00%,,,,0,,0,3,2,0,0,1,0,15.7,10.5,0,0,5.2,0,4,2,0,0,0,0,6,-1,,, ,,0,0,0,0,0,0,0,0,0,0,0,0,0,0%,0,-0.1,-0.1,-0.05,-0.52,2,0.6,0.5,-2,-0.3,-0.1,0,-0.4,-0.2,-2.09,10,0,0,0,0,0,0,0,0,0,0,1,0,0,0,27,0,,0.7,0.7,0.102,0,0,-0.4
68,1972-02-15,Kladno,,CZE,CZE,75,230,L,1990,1,5,,43,Jaromir,Jagr,FLA,FLA,RW,79, , ,79,27,39,21,66,23,143,67,44,18.90%,10.60%,80936,17.1,1616,20.5,50.1,166,7.4,0,1,0.00%,,,1,0,,0,58,31,16,67,44,33,2.6,1.4,0.7,3,2,1.5,48,23,0,0,0,0,95,-7.7,,, ,,7,0,4,1,1,0,4,3,2,0,17,0,0,0%,6.9,2.3,9.2,0.12,0.41,5,35.2,29.3,12.9,12.8,4,0,16.8,0.21,0.75,23.7,0,4,3,60,17,2,16,17,7,2,82,7,6,5,186,3,"Flu, Lower body",3.5,3.5,5.405,198,1.905,6.5
13,1992-12-08,Stockholm,,SWE,SWE,73,195,L,2013,3,79,Y,23,Mattias,Janmark,DAL,DAL,C,72, , ,73,15,14,10,29,12,108,51,53,13.90%,7.10%,62077,14.2,1437,19.7,43.2,113,6.6,94,166,36.20%,3,2,187,69,73,25,88,4,21,51,36,26,5.1,0.2,1.2,3,2.1,1.5,16,8,0,0,0,0,41,-2.7,,, ,,4,1,3,0,2,1,0,1,0,1,10,0,0,0%,2.2,1.4,3.6,0.05,0.21,1,20.9,20.8,7.4,3.8,2.8,0,6.6,0.09,0.38,24.6,0,1,2,48,17,2,7,8,4,2,68,2,2,1,186,9,Upper body,0.675,0.734,0.8,81,0,6.1
19,1991-09-25,GÃ¤vle,,SWE,SWE,71,186,R,2010,2,51,,24,Calle,Jarnkrok,NSH,NSH,C,80, , ,81,16,14,6,30,1,125,36,32,12.80%,8.30%,78418,16.1,1878,23.2,41.8,68,3.1,366,433,45.80%,12,4,514,239,285,127,101,35,24,36,19,32,4.6,1.6,1.1,1.7,0.9,1.5,14,7,0,0,0,0,73,2.2,,, ,,2,0,4,1,0,0,2,3,5,0,6,0,0,0%,1.6,1.5,3.1,0.04,0.14,4,26.5,28.5,-0.9,1.5,3.9,0,5.4,0.07,0.25,28.4,0,4,7,25,1,2,15,17,15,0,75,0,1,2,186,1,Illness,0.735,0.735,0.735,9,0,5
23,1993-03-23,Omsk,,RUS,CZE,74,217,L,2011,2,41,,22,Dmitrij,Jaskin,STL,STL,RW/LW,65, , ,65,4,9,5,13,3,92,30,37,4.30%,2.50%,46251,11.9,1100,16.9,42,83,6.5,8,20,28.60%,,,20,6,8,2,93,126,16,30,8,21,7.2,9.8,1.2,2.3,0.6,1.6,26,13,0,0,0,0,168,-2.3,3,1,33%,0,2,0,1,0,0,0,0,0,0,0,4,0,0,0%,-0.2,1.1,0.8,0.01,0.06,3,12.8,12.1,1.3,-0.5,1.3,0,0.9,0.01,0.07,25,0,0,5,25,12,1,7,9,9,5,49,0,1,0,157,0,,0.775,0.775,0.755,0,0,0.3
15,1988-02-27,Sarnia,ON,CAN,CAN,73,205,L,2007,6,171,,27,Dustin,Jeffrey,ARI,ARI,LW/C,7, , ,7,1,1,1,2,2,5,0,1,20.00%,16.70%,4791,11.4,113,16.1,42.4,5,3.8,35,23,60.30%,,,26,17,32,18,2,2,1,0,0,0,1.5,1.5,0.8,0,0,0,2,1,0,0,0,0,5,-0.1,,, ,,0,0,0,0,0,0,0,0,0,0,1,0,0,0%,0.1,0.2,0.3,0.04,0.23,0,1.9,1.6,2.4,0,0.3,0,0.4,0.06,0.3,32.8,0,0,0,0,0,0,1,0,0,0,4,0,0,0,20,0,,0.575,0.575,0.062,0,0,0.4
38,1993-06-15,Dorchester,ON,CAN,CAN,74,215,L,2011,2,37,,22,Boone,Jenner,CBJ,CBJ,C/LW,81, , ,82,30,19,12,49,-15,225,56,63,13.30%,8.70%,80733,16.4,1736,21.2,46.5,115,5.1,156,138,53.10%,3,1,175,93,119,63,87,213,71,56,25,39,3.9,9.5,3.2,2.5,1.1,1.7,77,21,3,1,1,0,364,-3.2,3,1,33%,1,9,0,3,1,4,0,1,6,8,0,11,0,0,0%,5.2,0.8,6,0.07,0.27,8,30,26.6,-6.8,9.3,0.9,0,10.2,0.12,0.45,23.9,0,0,6,50,29,3,13,75,19,2,84,3,6,7,186,0,,0.775,0.778,0.894,0,0.058,9.5
92,1992-07-31,Vancouver,BC,CAN,CAN,75,218,R,2010,1,4,,23,Ryan,Johansen,NSH,"CBJ, NSH",C,38,41, ,80,14,46,25,60,6,185,52,63,7.60%,4.70%,84301,17.6,1745,21.8,48.3,221,9.4,652,594,52.30%,33,17,856,466,390,186,64,115,30,52,42,38,2.7,4.9,1.3,2.2,1.8,1.6,61,28,1,0,0,0,207,-7.7,6,2,33%,1,2,0,2,0,4,0,0,0,1,0,9,0,0,0%,4.5,1.8,6.3,0.08,0.27,5,34.1,26.2,11.7,8.4,2.7,0,11.2,0.14,0.48,29.9,0,3,8,41,19,3,21,33,10,1,98,1,2,4,186,2,Illness,3,4,4,98,0,3.9
90,1990-10-06,Landskrona,,SWE,SWE,73,209,L,2009,1,24,,25,Marcus,Johansson,WSH,WSH,LW/C,74, , ,74,17,29,18,46,12,132,44,37,12.90%,8.00%,73880,16.6,1460,19.7,50.6,169,8.2,128,150,46.00%,2,2,181,86,97,42,116,38,24,44,39,35,5.7,1.9,1.2,2.1,1.9,1.7,16,8,0,0,0,0,78,11.4,,, ,,1,0,7,1,0,2,1,1,5,0,8,0,0,0%,3.6,1.8,5.4,0.07,0.26,5,27.9,20.9,7.8,6.7,2,0,8.7,0.12,0.42,24.7,2,0,4,38,6,4,11,17,15,2,77,1,3,3,186,6,"Illness, Upper body, Lower body",3.75,3.75,3.75,274,0,1.9
28,1992-04-18,Ellwood City,PA,USA,USA,76,225,R,2010,2,60,Y,23,Stephen,Johns,DAL,DAL,D,14, , ,14,1,2,0,3,-6,13,10,7,7.70%,3.30%,14977,17.8,327,23.4,45.8,0,0,0,0,0.00%,,,,0,,0,26,55,21,10,11,6,6.2,13.2,5,2.4,2.6,1.4,6,3,0,0,0,0,82,1.1,,, ,,0,0,0,0,0,0,1,0,0,0,0,0,0,0%,0.1,-0.1,0,0,0,4,3.8,4.3,-7,0.4,-0.6,0,-0.3,-0.02,-0.07,53.8,0,1,2,7,0,0,9,2,0,0,2,0,0,0,32,0,,0.8,0.8,0.172,0,0.3,-0.5
6,1988-03-21,Bloomington,MN,USA,USA,76,232,R,2006,1,1,,27,Erik,Johnson,COL,COL,D,73, , ,73,11,16,9,27,-19,175,51,81,6.30%,3.60%,102678,23.4,2102,28.8,48.8,105,3.7,0,1,0.00%,,,,0,1,0,109,126,197,51,45,30,3.8,4.4,6.9,1.8,1.6,1.1,50,15,2,0,1,0,375,3.1,1,0,0%,0,1,0,0,0,0,1,2,1,1,0,6,0,0,0%,2.1,2.2,4.2,0.06,0.15,7,34.4,38.7,-13.5,3.1,1.3,-0.2,4.2,0.06,0.15,46.2,0,2,3,46,12,1,41,14,3,1,103,0,3,2,186,9,Lower body,4.25,3.75,3.75,412,0,-2.6
7,1987-01-13,Indianapolis,IN,USA,USA,73,230,L,2005,1,3,,29,Jack,Johnson,CBJ,CBJ,D,59, , ,60,6,8,3,14,-16,86,51,68,7.00%,2.90%,87031,24.2,1683,28.1,51.7,32,1.3,0,1,0.00%,1,0,1,0,,0,77,98,102,51,30,8,3.2,4.1,4.2,2.1,1.2,0.3,25,10,1,0,0,0,226,1.4,,, ,,1,0,2,0,0,0,1,4,0,0,1,0,0,0%,0.4,1.5,2,0.03,0.08,6,26,30.6,-10.6,-0.1,1.3,0,1.2,0.02,0.05,48.9,1,1,7,42,2,1,23,33,0,0,27,1,1,0,186,22,"Shoulder, Upper body",5,4.357,4.357,1169,0,-6.9
9,1990-07-29,Spokane,WA,USA,USA,68,185,R,,,,,25,Tyler,Johnson,TBL,TBL,C/RW,68, , ,69,14,24,19,38,4,167,65,60,8.40%,4.80%,70957,17.1,1416,20.5,50.1,176,8.9,479,507,48.60%,23,11,649,312,337,167,52,46,25,65,31,19,2.6,2.3,1.3,3.3,1.6,1,20,10,0,0,0,0,91,8.1,,, ,,3,1,7,0,0,0,0,2,1,0,11,0,0,0%,2.7,1.5,4.2,0.06,0.21,4,30.1,25.5,0.6,2.9,2.6,0,5.5,0.08,0.28,29.4,1,4,9,51,12,0,13,20,12,2,108,3,1,0,186,13,"Undisclosed, Upper body",3.2,3.333,3.333,528,0,-0.4
52,1994-02-18,Charlottetown,PE,CAN,CAN,77,232,L,,,,Y,21,Ross,Johnston,NYI,NYI,LW,1, , ,1,0,0,0,0,0,0,0,0,0.00%,0.00%,977,16.3,22,22,44.4,0,0,0,0,0.00%,,,,0,,0,0,6,0,0,0,2,0,22.1,0,0,0,7.4,4,2,0,0,0,0,10,-2,,, ,,0,0,0,0,0,0,0,0,0,0,0,0,0,0%,0,0,0,0,0,3,0.1,0,0,0,0,0,0,0,0,0,0,0,0,0,0,0,0,0,0,0,0,0,0,0,0,0,,0.62,0.667,0,0,0,0
89,1992-02-14,Sudbury,ON,CAN,CAN,70,180,R,,,,Y,23,Ryan,Johnston,MTL,MTL,D,3, , ,3,0,0,0,0,1,1,0,4,0.00%,0.00%,2930,16.3,54,18,54.3,0,0,0,0,0.00%,,,,0,,0,6,2,2,0,1,0,7.4,2.5,2.5,0,1.2,0,0,0,0,0,0,0,4,0.2,,, ,,0,0,0,0,0,0,0,0,0,0,0,0,0,0%,-0.1,0.2,0.1,0.03,0.12,1,0.7,0.8,1.1,-0.2,0.2,0,0.1,0.03,0.12,58,0,0,0,0,0,0,0,0,0,0,1,0,0,0,7,0,,0.667,0.68,0.035,0,0.258,0.1
36,1983-04-01,Kalajoki,,FIN,FIN,71,198,L,2001,6,192,,32,Jussi,Jokinen,FLA,FLA,LW/C,81, , ,81,18,42,24,60,25,153,44,51,11.80%,7.30%,88896,18.3,1917,23.7,46.4,192,7.8,135,127,51.50%,,,163,84,99,51,61,43,50,44,47,31,2.5,1.7,2,1.8,1.9,1.3,42,16,0,1,0,0,135,-2.1,2,1,50%,1,6,0,1,2,0,0,2,3,3,0,10,0,0,0%,4.8,2.5,7.3,0.09,0.3,6,33,34,14.8,10,4.9,0.2,15.2,0.19,0.62,37.3,0,2,3,39,11,1,20,24,10,0,87,1,5,2,186,1,Lower body,4,4,4,49,0,7.9
3,1991-08-20,Tampere,,FIN,FIN,75,215,L,2011,7,195,,24,Jyrki,Jokipakka,CGY,"DAL, CGY",D,40,18, ,58,2,10,6,12,4,45,14,39,4.40%,2.00%,54145,15.6,1245,21.5,43.5,62,4.1,0,0,0.00%,,,,0,,0,92,69,66,14,35,14,6.1,4.6,4.4,0.9,2.3,0.9,14,7,0,0,0,0,149,2.7,,, ,,0,0,1,0,0,0,1,0,1,0,0,0,0,0%,0.4,1.8,2.3,0.04,0.15,3,15.5,18.7,2.2,0.9,2.3,0,3.2,0.06,0.21,55,0,1,1,12,2,0,17,6,1,0,19,0,1,0,186,3,"Undisclosed, Lower body",0.9,0.9,0.9,33,0,2.5
12,1984-08-10,Guelph,ON,CAN,CAN,75,208,R,2003,9,288,,31,David,Jones,MIN,"CGY, MIN",RW,58,16, ,75,11,7,6,18,-7,84,48,27,13.10%,6.90%,55976,12.4,1426,19,39.3,71,4.6,17,17,50.00%,,,25,11,9,6,53,147,33,48,9,14,3.4,9.5,2.1,3.1,0.6,0.9,10,5,0,0,0,0,190,5.5,,, ,,3,0,2,0,1,0,2,2,2,0,4,0,1,100%,0.6,0.7,1.3,0.02,0.08,4,17.3,16.9,-2.7,0.2,1.5,0,1.7,0.02,0.11,27.4,1,1,3,43,10,1,10,14,7,1,41,1,2,2,186,4,"Lower body, Illness",4,4,4,196,0,-5.6
3,1994-10-03,Arlington,TX,USA,USA,76,208,R,2013,1,4,,21,Seth,Jones,CBJ,"NSH, CBJ",D,40,40, ,81,3,28,12,31,-14,157,66,121,1.90%,0.90%,107292,22.1,2107,26,50.9,174,5.8,0,0,0.00%,,,,0,,0,94,86,118,66,69,25,3.2,2.9,4,2.2,2.3,0.8,22,11,0,0,0,0,226,15,,, ,,0,0,0,0,0,0,3,0,0,0,0,0,0,0%,1.6,2.6,4.2,0.05,0.14,5,33.3,33.6,-9.8,3.7,1.6,0,5.3,0.07,0.18,48.2,0,3,9,54,2,1,54,31,1,0,68,0,1,3,186,0,,0.925,0.925,3.225,0,4.6,-0.4
16,1990-07-14,Burlington,ON,CAN,CAN,73,187,R,,,,,25,Josh,Jooris,CGY,CGY,C/RW,58, , ,59,4,9,3,13,-1,80,20,29,5.00%,3.10%,43501,12.3,1149,19.5,37.9,31,2.6,114,143,44.40%,1,1,175,74,82,40,56,62,33,20,14,14,4.6,5.1,2.7,1.7,1.2,1.2,39,16,1,0,0,0,135,-9.9,,, ,,1,0,0,0,0,1,0,0,1,0,2,0,0,0%,-0.2,0.7,0.5,0.01,0.04,3,10.9,13.3,-0.1,0.2,1.6,0,1.7,0.03,0.14,28.3,0,1,1,18,8,2,1,14,6,4,45,0,1,1,186,3,"Lower body, Undisclosed",0.975,0.975,0.975,36,0,0.8
47,1990-07-17,Zlin,,CZE,CZE,73,195,L,2008,4,105,,25,Michal,Jordan,CAR,CAR,D,36, , ,36,1,0,0,1,-5,36,13,27,2.80%,1.30%,32768,15.2,739,20.5,44.3,0,0,0,0,0.00%,,,,0,,0,59,24,34,13,8,6,6.5,2.6,3.7,1.4,0.9,0.7,12,6,0,0,0,0,70,-0.7,,, ,,0,0,0,0,0,0,0,0,0,1,0,0,0,0%,-0.5,1.1,0.6,0.02,0.07,0,9.8,11.6,0,-1.8,1.4,0,-0.4,-0.01,-0.04,52.2,0,0,1,12,1,0,11,7,0,1,16,0,0,1,186,0,,0.625,0.625,0.625,0,0,-0.6
16,1991-03-02,Stockholm,,SWE,SWE,72,190,L,2009,1,20,,24,Jacob,Josefson,NJD,NJD,C/LW,57, , ,58,4,10,3,14,-21,86,34,27,4.70%,2.70%,54017,15.5,1298,22.4,41.6,72,4.8,323,344,48.40%,5,0,423,206,244,117,90,67,40,34,18,19,6,4.5,2.7,2.3,1.2,1.3,20,10,0,0,0,0,127,0,7,3,43%,0,1,0,1,0,0,0,2,1,0,0,1,0,0,0%,-0.4,0.5,0,0,0,3,18,16.4,-16.8,-2.4,0.2,0.5,-1.6,-0.03,-0.11,28.2,1,0,3,30,8,1,4,39,10,0,24,0,0,1,186,24,"Upper body, Illness, Foot",0.8,0.8,0.8,234,0,-2.1
59,1990-06-01,Bern,,CHE,CHE,73,201,L,2008,2,38,,25,Roman,Josi,NSH,NSH,D,80, , ,81,14,47,33,61,-3,198,73,127,7.10%,3.50%,123853,25.5,2418,29.9,51.2,314,9.1,0,0,0.00%,,,,0,,0,119,59,185,73,43,21,3.5,1.7,5.4,2.1,1.2,0.6,43,19,1,0,0,0,288,1.9,1,0,0%,0,2,1,3,2,0,0,3,3,1,0,7,0,0,0%,6,4.4,10.4,0.13,0.3,7,49.6,45.9,-5.5,12.5,5.1,-0.2,17.3,0.21,0.5,43.5,1,2,14,56,19,1,67,21,1,1,88,4,5,4,186,0,,4,4,4,0,0,10
26,1992-12-28,Kosice,,SVK,SVK,73,203,L,2011,2,35,,23,Tomas,Jurco,DET,DET,RW/LW,44, , ,44,4,2,2,6,-6,43,15,18,9.30%,5.30%,24243,9.2,589,13.4,41.2,32,4.8,1,0,100.00%,,,1,1,,0,34,50,4,15,7,6,5,7.4,0.6,2.2,1,0.9,16,8,0,0,0,0,70,-0.6,,, ,,1,0,0,0,2,0,0,1,0,0,1,0,1,100%,0,0.2,0.2,0,0.03,2,8.4,7.5,-5.3,-0.9,0.2,0,-0.7,-0.02,-0.1,24.3,0,1,1,13,6,0,2,11,0,2,22,0,0,0,186,2,Upper body,0.85,0.9,0.9,22,0,-1.4
43,1990-10-06,London,ON,CAN,CAN,72,192,L,2009,1,7,,25,Nazem,Kadri,TOR,TOR,C,75, , ,76,17,28,20,45,-15,260,96,129,6.50%,3.50%,83327,18.3,1902,25,43.8,211,9.1,641,663,49.20%,45,23,840,390,464,251,191,148,43,96,41,47,8.3,6.4,1.9,4.1,1.8,2,73,34,1,0,0,0,265,19.1,7,1,14%,1,1,1,2,1,1,0,0,4,3,0,9,0,0,0%,3,1,4,0.05,0.17,7,34,27.2,-2,3.2,1,-0.8,3.4,0.04,0.15,30.6,1,6,9,80,23,0,8,43,19,1,166,4,4,4,186,2,Lower body,4.1,4.1,4.1,100,0,-4.2
51,1991-03-17,Omsk,,RUS,RUS,75,200,L,,,,Y,24,Sergey,Kalinin,NJD,NJD,C,77, , ,78,8,7,3,15,-9,70,30,22,11.40%,6.60%,62366,13.3,1374,17.6,45.4,46,2.7,134,188,41.60%,1,0,225,101,97,33,78,146,30,30,17,25,4.5,8.4,1.7,1.7,1,1.4,33,13,1,0,0,0,210,1.8,,, ,,0,0,2,0,0,0,1,1,2,0,4,0,0,0%,-0.3,1.2,0.9,0.01,0.05,3,20.5,18.1,-4.2,-2.4,1.6,0,-0.8,-0.01,-0.05,20.4,0,2,1,27,12,1,2,18,7,1,29,1,3,0,185,1,Illness,0.925,0.925,0.92,11,0,-1.6
3,1988-09-24,Ann Arbor,MI,USA,USA,71,192,R,2007,4,93,,27,Steven,Kampfer,FLA,FLA,D,47, , ,47,0,4,0,4,5,54,19,25,0.00%,0.00%,42566,15.1,887,18.9,48,0,0,1,1,50.00%,,,2,1,,0,83,70,70,19,10,5,7,5.9,5.9,1.6,0.8,0.4,26,13,0,0,0,0,166,-0.1,,, ,,0,0,0,0,0,0,0,0,0,0,0,0,0,0%,-0.4,1.7,1.2,0.03,0.1,3,10.8,12.6,1.1,-1.1,1.6,0,0.5,0.01,0.04,49.1,0,0,0,19,2,0,19,7,0,0,26,0,0,0,186,14,"Ankle, Lower body",0.6,0.613,0.613,105,0,0.4
9,1991-08-02,Vancouver,BC,CAN,CAN,74,204,L,2009,1,4,,24,Evander,Kane,BUF,BUF,LW,65, , ,65,20,15,9,35,-14,271,91,111,7.40%,4.20%,82045,21,1552,23.9,52.9,118,5.2,62,62,50.00%,,,64,36,60,26,131,171,23,91,37,37,5.7,7.5,1,4,1.6,1.6,91,32,3,0,1,0,288,-5.5,4,0,0%,0,4,0,3,4,1,0,0,3,1,0,15,0,1,100%,2.5,1.3,3.8,0.06,0.17,5,27,26.9,-7,4.2,2.2,-0.9,5.6,0.09,0.25,34.5,1,5,12,73,21,4,19,46,7,9,165,2,3,2,186,16,"Upper body, Knee",6,5.25,5.25,1024,0,-4.4
88,1988-11-19,Buffalo,NY,USA,USA,71,177,L,2007,1,1,,27,Patrick,Kane,CHI,CHI,RW,82, , ,82,46,60,41,106,17,287,80,94,16.00%,10.00%,100419,20.4,1967,24,51.1,274,9.8,11,40,21.60%,,,36,9,15,2,130,37,21,80,37,34,4.7,1.3,0.8,2.9,1.3,1.2,30,15,0,0,0,0,88,6.1,3,1,33%,1,7,1,9,3,7,0,3,8,3,0,25,0,0,0%,12.4,2.6,15,0.18,0.54,6,47.9,38.4,15.7,23.7,4.5,0,28.2,0.34,1.01,28.7,1,2,7,70,31,1,29,37,8,0,181,9,14,4,186,0,,13.8,10.5,10.5,0,0,7
37,1996-07-23,Kuopio,,FIN,FIN,72,178,R,2014,1,22,Y,19,Kasperi,Kapanen,TOR,TOR,RW/LW,9, , ,9,0,0,0,0,-3,14,3,6,0.00%,0.00%,7981,14.8,174,19.3,45.9,0,0,0,0,0.00%,,,,0,,0,13,10,1,3,1,4,5.9,4.5,0.5,1.4,0.5,1.8,2,1,0,0,0,0,13,-0.1,,, ,,0,0,0,0,0,0,0,0,0,0,0,0,0,0%,-0.4,0,-0.3,-0.03,-0.14,2,1.4,1.1,-2.6,-0.6,-0.2,0,-0.8,-0.09,-0.36,29.1,0,0,1,2,1,0,1,3,0,0,9,0,0,0,14,0,,0.925,0.894,0.067,0,0,-0.9
65,1990-05-31,Landsbro,,SWE,SWE,72,191,R,2008,1,15,,25,Erik,Karlsson,OTT,OTT,D,81, , ,82,16,66,35,82,-2,248,132,206,6.50%,2.70%,142555,29,2221,27.1,64.2,303,7.7,0,1,0.00%,,,1,0,,0,147,84,175,132,96,61,3.7,2.1,4.4,3.3,2.4,1.5,50,25,0,0,0,0,309,1.9,1,0,0%,0,4,2,3,0,1,0,6,4,0,0,5,0,0,0%,8.4,3.2,11.7,0.14,0.3,5,59.8,48.6,2.4,19,2.7,-0.2,21.4,0.26,0.54,50.1,2,3,16,111,7,0,115,29,1,0,96,7,4,6,186,0,,7,6.5,6.5,0,0,8.7
68,1990-07-18,Lycksele,,SWE,SWE,72,180,R,,,,,25,Melker,Karlsson,SJS,SJS,C/RW,65, , ,65,10,9,6,19,5,96,45,26,10.40%,6.00%,52742,13.5,1320,20.3,40,82,5.6,11,12,47.80%,,,18,6,5,5,128,76,48,45,14,24,8.7,5.2,3.3,3.1,1,1.6,16,8,0,0,0,0,140,5.2,,, ,,3,1,1,0,1,1,1,2,0,0,5,0,0,0%,0.8,1.3,2.1,0.03,0.14,3,14.6,16.5,2.4,1.9,2.8,0,4.6,0.07,0.31,26,0,2,5,38,16,7,11,14,3,1,44,1,2,0,153,3,"Undisclosed, Flu",1.45,1.65,1.337,60,0,2.7
25,1993-01-08,Marsta,,SWE,SWE,73,188,L,2011,2,53,Y,23,William,Karlsson,CBJ,CBJ,C,80, , ,81,9,11,6,20,-9,108,38,33,8.30%,5.00%,70324,14.5,1598,19.7,44,85,4.4,416,495,45.70%,6,2,566,261,345,155,73,40,48,38,21,42,3.7,2,2.5,1.9,1.1,2.2,6,3,0,0,0,0,94,4,,, ,,2,0,1,0,0,0,1,3,1,0,4,0,0,0%,0,0.9,0.9,0.01,0.05,3,19.1,23.8,-6,0.1,2.4,0,2.5,0.03,0.13,29.4,0,2,3,33,15,3,10,30,4,1,45,1,1,2,186,0,,0.925,0.831,0.925,0,0,1.7
44,1991-01-24,Windsor,ON,CAN,CAN,75,217,R,2009,1,13,,25,Zack,Kassian,EDM,EDM,RW,35, , ,36,3,5,2,8,-7,42,15,20,7.10%,3.90%,26896,12.5,599,16.6,44.9,39,5.2,1,3,25.00%,,,4,1,,0,33,95,6,15,15,11,4.4,12.7,0.8,2,2,1.5,114,21,2,5,1,0,217,-7.8,,, ,,1,0,0,0,0,0,0,1,0,0,2,0,0,0%,0,0.3,0.2,0.01,0.03,2,7.3,7,-5.5,0.1,0.1,0,0.1,0,0.01,24.1,0,1,2,12,8,0,3,11,4,1,15,0,1,2,117,2,Illness,2,1.75,0.917,43,0,-1.1
38,1981-05-12,North Vancouver,BC,CAN,CAN,72,200,L,,,,,34,Bracken,Kearns,NYI,NYI,C/LW,2, , ,2,0,1,1,1,1,0,0,0,0.00%,0.00%,1907,15.9,41,20.5,46.5,1,1.9,8,4,66.70%,1,0,9,5,3,3,2,5,2,0,1,0,3.8,9.4,3.8,0,1.9,0,4,2,0,0,0,0,11,-2.1,,, ,,0,0,0,0,0,0,0,0,0,0,0,0,0,0%,0,0.1,0.1,0.05,0.19,3,0.3,0.3,1,0.2,0.1,0,0.3,0.15,0.57,0,0,0,0,0,0,0,0,0,0,0,0,0,0,0,1,0,,0.775,0.775,0.004,0,0,0.3
2,1983-07-16,Winnipeg,MB,CAN,CAN,73,192,L,2002,2,54,,32,Duncan,Keith,CHI,CHI,D,67, , ,67,9,34,15,43,13,130,55,102,6.90%,3.10%,101446,25.2,2063,30.8,49.2,125,4.4,0,1,0.00%,,,1,0,,0,74,16,116,55,46,22,2.6,0.6,4.1,2,1.6,0.8,26,8,0,0,0,1,158,3.3,,, ,,5,0,4,0,0,0,6,0,1,0,2,0,0,0%,3.7,4.7,8.4,0.13,0.3,7,39,38.5,7.4,7.4,4.8,0,12.2,0.18,0.43,53.5,0,4,6,45,2,1,90,7,2,0,28,1,2,1,186,10,Knee,7.5,5.538,5.538,675,0,1.6
23,1980-11-11,Toronto,ON,CAN,CAN,72,193,L,1999,3,94,,35,Chris,Kelly,BOS,BOS,C/LW,11, , ,11,2,0,0,2,3,8,3,3,25.00%,14.30%,8637,13.1,211,19.2,40.9,0,0,22,30,42.30%,1,1,30,13,22,9,15,13,13,3,2,2,6.3,5.4,5.4,1.3,0.8,0.8,0,0,0,0,0,0,26,-0.4,,, ,,0,0,0,0,1,0,0,0,1,0,0,0,0,0%,0,0.3,0.3,0.03,0.13,3,3.1,3.5,2.8,-0.3,0.7,0,0.4,0.04,0.17,19.5,0,0,0,3,2,0,0,0,1,1,4,0,0,0,186,71,Leg,2.5,3,3,2598,0,-4.8
41,1988-04-07,Kajaani,,FIN,FIN,75,223,L,,,,,27,Joonas,Kemppainen,BOS,BOS,C,44, , ,44,2,3,2,5,-6,35,7,10,5.70%,3.80%,33100,12.5,812,18.5,40.8,32,3.5,227,232,49.50%,1,1,312,156,147,71,20,36,18,7,9,28,2.2,3.9,2,0.8,1,3,4,2,0,0,0,0,58,-3.4,,, ,,0,0,0,0,0,0,0,0,0,0,2,0,0,0%,-0.8,0.3,-0.4,-0.01,-0.04,2,9.1,11.5,-7.2,-2,0.9,0,-1,-0.02,-0.11,35.7,0,0,0,7,4,0,0,7,2,0,22,1,0,0,138,12,"Upper body, Undisclosed",0.792,0.792,0.686,116,0.133,-1.6
41,1991-02-28,Riga,,LVA,LVA,72,201,L,,,,,24,Ronalds,Kenins,VAN,VAN,LW,8, , ,8,0,0,0,0,-1,6,4,3,0.00%,0.00%,5477,11.4,128,16,42.8,0,0,1,2,33.30%,,,1,0,2,1,5,19,2,4,2,3,3.3,12.5,1.3,2.6,1.3,2,6,3,0,0,0,0,27,-1.2,,, ,,0,0,0,0,0,0,0,0,0,0,0,0,0,0%,-0.3,0.1,-0.2,-0.03,-0.13,1,1.1,1,-0.7,-0.5,0,0,-0.5,-0.06,-0.33,31.3,0,0,1,3,0,1,1,0,0,0,4,0,0,0,35,0,,0.6,0.6,0.113,0,0,-0.5
48,1986-07-15,Sault Ste. Marie,ON,CAN,CAN,71,185,R,2004,4,99,,29,Tyler,Kennedy,NJD,NJD,C/RW/LW,49, , ,50,3,13,8,16,-14,72,22,31,4.20%,2.40%,40275,13.4,909,18.2,44.3,124,11.1,23,35,39.70%,,,47,18,11,5,43,35,9,22,12,16,3.8,3.1,0.8,2,1.1,1.4,14,7,0,0,0,0,58,-2.7,,, ,,3,0,0,0,0,0,0,1,1,0,1,0,0,0%,0.3,0.4,0.7,0.01,0.06,0,16.1,13.6,-9.9,-1,0.4,0,-0.6,-0.01,-0.05,33,0,0,2,20,5,0,10,21,2,2,32,0,0,1,135,6,"Lower body, Upper body",0.6,0.6,0.435,44,0,-0.7
36,1990-01-04,Stockholm,,SWE,FIN,73,170,L,,,,Y,26,Michael,Keranen,MIN,MIN,LW/RW/C,1, , ,1,0,0,0,0,-1,0,0,0,0.00%,0.00%,369,6.2,8,8,46.1,0,0,0,0,0.00%,,,,0,,0,0,1,0,0,0,0,0,9.8,0,0,0,0,0,0,0,0,0,0,1,0,,, ,,0,0,0,0,0,0,0,0,0,0,0,0,0,0%,0,0,-0.1,-0.1,-0.98,3,0.1,0.1,0,0,0,0,0,0,0,0,0,0,0,0,0,0,0,0,0,0,0,0,0,0,3,0,,0.675,0.675,0.011,0,0,0
67,1992-07-24,Hancock,MI,USA,USA,72,185,L,,,,Y,23,Tanner,Kero,CHI,CHI,C,17, , ,17,1,2,2,3,-2,26,7,9,3.80%,2.40%,12539,12.3,321,18.9,39.1,33,9.5,55,68,44.70%,,,77,36,46,19,24,19,10,7,0,8,6.9,5.5,2.9,2,0,2.3,2,1,0,0,0,0,31,1.4,,, ,,0,0,0,0,1,0,0,0,0,0,0,0,0,0%,-0.1,0.1,0,0,0,3,4,4.9,-2.9,-0.6,0.3,0,-0.2,-0.01,-0.06,27.4,0,0,0,7,3,1,1,3,2,0,16,0,0,0,41,0,,0.667,0.667,0.147,0,0,-0.3
17,1984-08-31,Livonia,MI,USA,USA,74,202,R,2003,1,23,,31,Ryan,Kesler,ANA,ANA,C,79, , ,79,21,32,19,53,5,164,103,80,12.80%,6.10%,92580,19.5,2131,27,43.4,167,6.5,980,695,58.50%,43,24,1168,677,507,302,117,168,92,103,34,39,4.5,6.5,3.6,4,1.3,1.5,78,29,2,1,0,0,340,-1.9,3,0,0%,0,4,0,4,3,1,0,3,2,1,0,14,0,0,0%,4.1,2.3,6.4,0.08,0.25,9,30.8,31.4,3.8,8.5,5.3,-0.6,13.1,0.17,0.51,27.5,1,4,12,86,16,1,15,22,20,2,89,6,3,5,186,1,Lower body,5,5,5,61,0,3.6
81,1987-10-02,Madison,WI,USA,USA,72,202,R,2006,1,5,,28,Phil,Kessel,PIT,PIT,RW,82, , ,82,26,33,22,59,9,274,82,123,9.50%,5.40%,90436,18.4,1886,23,48,214,8.5,2,3,40.00%,,,3,1,2,1,49,9,13,82,55,26,2,0.4,0.5,3.3,2.2,1,18,9,0,0,0,0,40,3.6,3,1,33%,0,4,1,5,2,1,0,0,3,0,0,22,0,0,0%,5.4,1.9,7.2,0.09,0.29,6,38.2,27.9,4.2,8.2,1.7,0,9.9,0.12,0.39,29.4,1,5,6,70,9,1,11,75,5,0,173,8,2,2,372,0,,10,8,8,0,0,-4.8
54,1994-08-13,Surrey,BC,CAN,CAN,75,214,L,2012,3,63,Y,21,Jujhar,Khaira,EDM,EDM,LW/C,15, , ,15,0,2,2,2,-2,14,6,10,0.00%,0.00%,9319,10.4,229,15.3,40.7,30,11.6,0,1,0.00%,,,1,0,,0,16,29,6,6,4,6,6.2,11.2,2.3,2.3,1.5,2.3,13,4,1,0,0,0,49,-3.3,,, ,,0,0,0,0,0,0,0,0,0,0,0,0,0,0%,-0.2,0.1,-0.1,-0.01,-0.04,3,3.1,2.9,0.1,-0.7,0.3,0,-0.4,-0.03,-0.15,25.9,0,0,2,4,4,1,1,4,0,0,4,0,0,0,47,0,,0.925,0.906,0.226,0,0,-0.6
76,1993-09-09,Moscow,,RUS,RUS,70,181,L,2011,2,40,Y,22,Alex,Khokhlachev,BOS,BOS,C/LW,5, , ,5,0,0,0,0,-2,4,2,4,0.00%,0.00%,3076,10.3,79,15.8,38.9,0,0,0,2,0.00%,,,2,0,,0,5,2,1,2,1,0,5.9,2.3,1.2,2.3,1.2,0,0,0,0,0,0,0,3,0.9,,, ,,0,0,0,0,0,0,0,0,0,0,0,0,0,0%,-0.1,0,-0.2,-0.04,-0.23,1,0.7,0.6,-2,-0.3,-0.1,0,-0.4,-0.08,-0.47,49.8,0,0,0,2,0,0,0,0,1,0,3,0,0,0,8,0,,0.775,0.787,0.038,0,0.058,-0.4
17,1989-09-14,Halifax,NS,CAN,CAN,74,198,L,2007,3,77,,26,Alex,Killorn,TBL,TBL,C/LW/RW,80, , ,81,14,26,18,40,14,154,64,60,9.10%,5.00%,81625,16.8,1662,20.5,49.1,184,8.1,31,49,38.80%,,,36,14,44,17,125,76,23,64,46,31,5.5,3.4,1,2.8,2,1.4,44,22,0,0,0,0,143,-0.2,,, ,,5,1,3,2,3,0,0,0,1,0,10,0,0,0%,2.4,2.2,4.6,0.06,0.2,4,31.2,26,9.7,3.2,3.2,0,6.4,0.08,0.28,27.7,0,7,3,54,25,1,7,15,12,0,94,1,2,0,186,1,Upper body,2.7,2.55,2.55,31,0,2.1
46,1987-02-10,Sumperk,,CZE,CZE,75,199,L,2005,1,19,,28,Jakub,Kindl,FLA,"DET, FLA",D,25,19, ,44,2,6,2,8,13,63,31,40,3.20%,1.50%,40629,15.4,937,21.3,43.4,12,1.1,0,1,0.00%,,,1,0,,0,31,39,24,31,29,7,2.7,3.5,2.1,2.7,2.6,0.6,18,9,0,0,0,0,81,-4,,, ,,0,1,1,0,0,0,0,1,0,0,1,0,0,0%,0.3,2.5,2.8,0.06,0.25,0,13.8,14.7,11,0,3.2,0,3.1,0.07,0.27,49.1,1,1,3,26,1,0,30,7,0,0,25,1,0,0,229,0,,2.5,2.4,2.278,0,0,-0.3
74,1989-07-05,Meadow Lake,SK,CAN,CAN,76,232,L,2007,4,109,,26,Dwight,King,LAK,LAK,LW/RW,46, , ,47,7,6,3,13,-6,48,26,20,14.60%,7.40%,40713,14.4,923,19.6,44.1,54,4.8,2,5,28.60%,,,4,2,3,0,56,73,6,26,6,5,5,6.5,0.5,2.3,0.5,0.4,24,7,2,0,0,0,105,-7.5,,, ,,2,0,2,1,0,0,1,0,3,0,3,0,0,0%,0.4,0.5,0.8,0.02,0.07,3,12.1,12.5,-10.6,0.3,0.7,0,1,0.02,0.09,30.1,0,1,2,23,1,0,4,4,7,1,31,0,0,1,186,35,Foot,2,1.95,1.95,832,0,-2
77,1993-07-20,Karlstad,,SWE,SWE,75,215,L,2011,1,19,,22,Oscar,Klefbom,EDM,EDM,D,30, , ,30,4,8,4,12,-4,48,29,27,8.30%,3.80%,39393,21.9,824,27.5,47.8,53,4.8,0,0,0.00%,,,,0,,0,53,21,62,29,31,10,4.8,1.9,5.7,2.7,2.8,0.9,6,3,0,0,0,0,89,1.4,,, ,,1,0,1,0,0,0,3,0,0,0,1,0,0,0%,1,1.2,2.2,0.07,0.2,8,13.3,12.8,0.5,1.8,1,0,2.7,0.09,0.25,51,0,0,3,26,2,1,21,8,0,1,15,0,1,0,186,52,"Leg, Finger",0.833,0.894,1.244,789,0.35,1.2
8,1984-12-13,Kitchener,ON,CAN,CAN,73,202,R,2003,2,37,,31,Kevin,Klein,NYR,NYR,D,68, , ,69,9,17,4,26,16,69,31,54,13.00%,5.80%,84392,20.4,1969,28.5,42.9,33,1.4,0,0,0.00%,,,,0,,0,96,117,155,31,45,20,4.1,5,6.6,1.3,1.9,0.9,19,7,1,0,0,0,292,4.2,,, ,,2,1,4,0,0,0,2,2,1,0,4,0,0,0%,2.2,3.7,6,0.09,0.26,7,23.5,29.9,7.7,5.4,4.4,0,9.8,0.14,0.42,41.2,0,0,4,27,3,0,26,10,4,0,26,2,1,1,186,13,"Thumb, Thumb, Oblique",3,2.9,2.9,460,0,4.8
3,1992-08-14,Gothenburg,,SWE,SWE,74,180,R,2010,5,131,,23,John,Klingberg,DAL,DAL,D,75, , ,76,10,48,21,58,22,171,63,131,5.80%,2.70%,103458,22.7,2060,27.1,50.2,199,6.9,0,0,0.00%,,,,0,,0,184,44,68,63,78,36,6.4,1.5,2.4,2.2,2.7,1.3,30,15,0,0,0,0,142,4.7,1,0,0%,0,1,3,4,0,1,0,2,3,1,0,3,0,0,0%,5.6,4.6,10.2,0.13,0.35,5,47.5,34.8,24.2,11.5,4.3,-0.2,15.6,0.21,0.54,43.7,0,2,5,56,7,0,45,25,1,0,93,6,2,2,186,6,Lower body,2.25,4.25,4.25,311,0,7.7
12,1986-08-12,Lethbridge,AB,CAN,CAN,75,214,L,,,,,29,Rob,Klinkhammer,EDM,EDM,LW,14, , ,14,1,0,0,1,-6,10,6,10,10.00%,3.80%,7906,9.4,190,13.6,41.6,0,0,1,0,100.00%,,,,0,1,1,6,47,4,6,3,3,2.7,21.4,1.8,2.7,1.4,1.4,6,3,0,0,0,0,57,-1.3,,, ,,0,0,0,0,0,0,0,0,1,0,0,0,0,0%,-0.1,-0.1,-0.2,-0.01,-0.09,3,2.4,2.7,-5.3,-0.6,-0.2,0,-0.8,-0.06,-0.36,23.8,0,0,1,5,0,0,1,2,1,0,6,0,0,0,114,27,"Ankle, Lower body",0.725,0.725,0.444,239,0,-1
53,1990-09-10,Oliver,BC,CAN,CAN,74,195,R,2009,5,135,Y,25,Corban,Knight,FLA,FLA,C,20, , ,20,2,5,3,7,3,11,6,2,18.20%,10.50%,11558,9.6,264,13.2,43.8,25,7.8,54,52,50.90%,,,73,41,33,13,18,18,2,6,1,6,5.6,5.6,0.6,1.9,0.3,1.9,4,2,0,0,0,0,24,0.7,,, ,,1,0,0,0,0,0,0,1,0,0,1,0,0,0%,0.5,0.3,0.8,0.04,0.25,4,3.8,3.6,1.7,1.2,0.6,0,1.8,0.09,0.56,28.5,0,0,0,6,0,1,3,1,2,0,4,0,0,1,60,0,,0.75,0.75,0.242,0,0,1.7
29,1994-02-18,Winchester,ON,CAN,CAN,74,198,L,2012,1,10,Y,21,Slater,Koekkoek,TBL,TBL,D,9, , ,9,0,1,1,1,-1,11,5,6,0.00%,0.00%,5569,10.3,140,15.6,39.8,31,20,0,0,0.00%,,,,0,,0,14,6,5,5,3,3,9.1,3.9,3.2,3.2,1.9,1.9,2,1,0,0,0,0,13,-0.6,,, ,,0,0,0,0,0,0,0,0,0,0,0,0,0,0%,0,0.1,0.1,0.01,0.06,0,1.4,1.6,-1.2,0,0,0,0,0,0,46.4,0,0,3,2,0,0,3,1,0,0,7,0,0,0,31,0,,0.925,0.894,0.241,0,0.55,-0.3
9,1983-03-12,Turku,,FIN,FIN,75,215,L,2001,1,6,,32,Mikko,Koivu,MIN,MIN,C,81, , ,82,17,39,18,56,6,141,61,75,12.10%,6.10%,98051,19.9,1968,24,49.8,176,6.5,987,771,56.10%,57,28,1142,610,616,377,47,38,57,61,45,37,1.7,1.4,2.1,2.2,1.7,1.4,40,20,0,0,0,0,135,-8.1,5,0,0%,0,2,0,2,2,2,0,2,6,1,0,6,0,0,0%,3.7,2.2,6,0.07,0.22,5,39.5,35.5,6.8,5,4.5,-0.9,8.6,0.1,0.32,30.2,1,2,5,53,14,0,19,20,8,1,79,3,4,2,186,0,,7.29,6.75,6.75,0,0,-4.6
47,1987-01-23,Narva,,EST,FIN,71,211,L,2006,6,180,,29,Leo,Komarov,TOR,TOR,C/LW/RW,67, , ,67,19,17,7,36,-12,130,58,29,14.60%,8.80%,71697,17.8,1794,26.8,40,90,4.5,62,65,48.80%,,,85,38,42,24,64,283,27,58,16,42,3.2,14.2,1.4,2.9,0.8,2.1,40,15,0,0,0,1,350,-3.6,,, ,,4,0,2,3,2,0,2,2,4,0,9,0,0,0%,2.7,0.9,3.7,0.06,0.19,5,27.1,24.5,-2.4,3.5,1.6,0,5.1,0.08,0.26,28.5,1,2,10,45,12,1,11,21,21,0,64,0,2,4,186,12,Lower body,2.95,2.95,2.95,432,0,0
11,1987-08-24,Jesenice,,SVN,SVN,75,224,L,2005,1,11,,28,Anze,Kopitar,LAK,LAK,C,80, , ,81,25,49,24,74,34,177,67,67,14.10%,8.00%,101412,20.9,2036,25.1,49.8,218,7.7,950,826,53.50%,51,26,1060,586,716,364,124,78,65,67,45,43,4.4,2.8,2.3,2.4,1.6,1.5,16,8,0,0,0,0,159,12.6,5,3,60%,1,5,4,8,0,4,3,2,2,4,0,10,0,0,0%,6.5,3.3,9.7,0.12,0.34,9,39.7,38.9,25.6,12.5,7.2,1.2,20.9,0.26,0.74,27.8,0,3,6,58,22,3,12,27,15,3,95,10,4,2,186,1,Lower body,7.7,6.8,6.8,83,0,7.6
28,1986-07-28,Turku,,FIN,FIN,73,193,L,2004,1,19,,29,Lauri,Korpikoski,EDM,EDM,LW/RW,70, , ,71,10,12,7,22,-17,88,30,30,11.40%,6.80%,59343,13.9,1451,20.4,40.9,105,6.4,18,16,52.90%,,,18,7,16,11,90,100,56,30,14,19,5.5,6.1,3.4,1.8,0.8,1.2,10,5,0,0,0,0,166,-1.3,1,0,0%,0,3,1,2,1,0,0,0,1,2,0,7,0,0,0%,0.8,0.5,1.3,0.02,0.08,4,17.5,20.6,-11.6,1.7,1.4,-0.2,2.9,0.04,0.18,28.3,0,1,0,29,7,2,2,15,6,0,56,0,1,2,186,11,"Foot, Head",2.7,2.5,2.5,335,0,-1.2
72,1994-01-24,Richmond Hill,ON,CAN,CAN,71,185,R,2012,3,70,Y,22,Scott,Kosmachuk,WPG,WPG,RW,8, , ,8,0,3,2,3,1,9,2,1,0.00%,0.00%,5536,11.5,128,16,43.3,25,16.3,0,0,0.00%,,,,0,,0,12,7,2,2,2,1,7.8,4.6,1.3,1.3,1.3,0.7,2,1,0,0,0,0,11,-1.1,,, ,,0,0,0,0,0,0,0,0,0,0,0,0,0,0%,0.1,0.1,0.2,0.03,0.13,2,1.4,1.4,1.2,0.4,0.3,0,0.7,0.09,0.46,23.9,0,0,1,1,1,0,1,1,0,0,6,0,0,0,16,0,,0.743,0.72,0.077,0,0.183,0.6
21,1985-11-28,Etobicoke,ON,CAN,CAN,73,210,R,,,,,30,Michael,Kostka,OTT,OTT,D,15, , ,15,0,1,0,1,6,9,4,4,0.00%,0.00%,13363,14.8,294,19.6,45.5,0,0,0,0,0.00%,,,,0,,0,23,7,20,4,6,0,6.2,1.9,5.4,1.1,1.6,0,4,2,0,0,0,0,31,-1.1,,, ,,0,0,0,0,0,0,0,0,0,0,0,0,0,0%,-0.2,0.8,0.7,0.05,0.19,2,4,5,5.6,-0.6,1.1,0,0.5,0.03,0.13,54.8,0,0,1,3,0,0,7,0,0,0,2,0,0,0,46,0,,0.8,0.8,0.198,0,0,0.4
20,1991-04-30,Boxford,MA,USA,USA,75,226,L,2009,1,19,,24,Chris,Kreider,NYR,NYR,LW,78, , ,79,21,22,13,43,10,158,62,60,13.30%,7.50%,75636,16,1677,21.2,45.1,116,5.5,5,1,83.30%,,,2,1,4,4,99,177,33,62,37,23,4.7,8.4,1.6,3,1.8,1.1,58,19,2,1,0,0,270,-4.7,,, ,,5,0,3,1,4,1,0,0,7,0,9,0,2,200%,3.8,1.6,5.4,0.07,0.26,6,32.2,25.4,5.2,4.7,2.4,0,7.1,0.09,0.34,24.5,0,4,11,47,18,5,13,20,21,0,81,1,4,0,186,3,"Neck, Hand",2.6,2.475,2.475,91,0,3
46,1986-04-28,Sternberk,,CZE,CZE,72,186,R,2004,2,63,,29,David,Krejci,BOS,BOS,C,72, , ,72,17,46,28,63,4,143,62,87,11.90%,5.80%,87700,20.3,1736,24.1,50.5,268,11,560,557,50.10%,12,6,714,374,403,186,76,43,57,62,49,36,3.1,1.8,2.3,2.5,2,1.5,32,15,0,0,0,0,132,-2.3,2,1,50%,1,3,0,3,2,2,0,2,2,0,0,11,0,0,0%,4.9,1.7,6.6,0.09,0.27,5,33.3,28.8,5.5,10.2,2.7,0.2,13.2,0.18,0.54,36.4,0,4,10,48,10,0,35,14,12,0,72,4,3,6,186,10,Upper body,7.25,7.25,7.25,884,0,-1.1
55,1981-01-12,Stockholm,,SWE,SWE,72,194,L,2000,1,29,,35,Niklas,Kronwall,DET,DET,D,63, , ,64,3,23,11,26,-21,61,29,54,4.90%,2.10%,84516,22,1880,29.4,45,100,4.3,0,0,0.00%,,,,0,,0,56,93,81,29,23,9,2.4,4,3.5,1.2,1,0.4,30,15,0,0,0,0,204,-0.6,,, ,,1,1,2,0,0,0,1,0,0,0,2,0,0,0%,1.5,1.5,3.1,0.05,0.13,4,33.5,30.1,-17.8,2,0.1,0,2.1,0.03,0.09,50.7,0,1,4,24,3,0,39,6,0,1,12,1,0,0,186,18,Knee,6,4.75,4.75,1043,0,-6.8
47,1991-04-12,Livonia,MI,USA,USA,69,186,L,,,,,24,Torey,Krug,BOS,BOS,D,81, , ,81,4,40,26,44,9,244,98,149,1.60%,0.80%,105043,21.6,2173,26.8,48.3,280,9.6,2,0,100.00%,1,1,2,2,,0,84,61,94,98,57,20,2.9,2.1,3.2,3.4,2,0.7,33,14,1,0,0,0,189,10.6,2,1,50%,0,0,0,1,0,0,0,2,1,0,0,1,0,0,0%,3.2,3.9,7.2,0.09,0.25,4,41.1,29.1,10.3,6.5,2.3,0.2,9,0.11,0.31,48.2,1,6,10,81,4,0,73,33,0,1,133,1,0,2,186,1,Upper body,3.4,3.4,3.4,41,0,2.9
22,1990-05-27,Stockholm,,SWE,SWE,72,186,L,2009,5,149,,25,Marcus,Kruger,CHI,CHI,C,41, , ,41,0,4,3,4,-5,50,18,15,0.00%,0.00%,33262,13.5,892,21.8,37.3,78,8.4,233,241,49.20%,,,299,153,175,80,64,25,31,18,4,10,6.9,2.7,3.4,1.9,0.4,1.1,24,11,0,0,0,0,80,-7.6,,, ,,0,0,0,0,0,0,0,0,0,0,0,0,0,0%,-1.1,0.4,-0.7,-0.02,-0.08,3,7.7,11.2,-7.8,-2,0.8,0,-1.2,-0.03,-0.13,37.9,0,0,1,17,2,1,1,3,3,3,37,0,0,0,186,41,Wrist,1.5,1.5,1.5,750,0,-3.2
86,1993-06-17,Moscow,,RUS,RUS,71,178,L,2011,2,58,,22,Nikita,Kucherov,TBL,TBL,RW/LW,77, , ,77,30,36,25,66,9,209,82,111,14.40%,7.50%,84141,18.2,1607,20.9,52.4,191,8.2,0,1,0.00%,,,1,0,,0,98,61,28,82,58,34,4.2,2.6,1.2,3.5,2.5,1.5,30,15,0,0,0,0,119,2.5,4,0,0%,0,7,1,4,3,3,0,4,3,2,0,18,0,0,0%,7.2,2,9.2,0.12,0.39,6,35.7,25.7,7.5,13.5,2.2,-0.9,14.8,0.19,0.63,32.6,2,3,18,59,17,2,26,28,13,2,121,7,5,4,186,5,"Undisclosed, Lower body",0.7,0.712,0.894,51,0.133,14.1
34,1992-01-21,Landshut,,DEU,DEU,74,196,L,2010,4,110,Y,24,Tom,Kuhnhackl,PIT,PIT,RW/LW,42, , ,42,5,10,7,15,3,52,17,10,9.60%,6.30%,30744,12.2,812,19.3,37.9,77,9,0,3,0.00%,,,2,0,1,0,44,57,32,17,6,5,5.2,6.7,3.7,2,0.7,0.6,24,6,0,1,0,0,113,3.8,,, ,,0,0,1,0,1,0,0,2,1,0,1,0,0,0%,0.8,0.6,1.5,0.04,0.18,4,10.2,11.7,-1.1,1.6,1.5,0,3,0.07,0.35,26.2,1,0,3,13,11,0,3,9,1,0,28,1,1,2,94,0,,0.575,0.575,0.291,0,0,3
46,1993-07-08,Volketswil,,CHE,,74,198,L,,,,Y,22,Dean,Kukan,CBJ,CBJ,D,8, , ,8,0,0,0,0,9,3,2,1,0.00%,0.00%,8330,17.4,171,21.4,48.7,0,0,0,0,0.00%,,,,0,,0,4,7,10,2,3,4,1.7,3,4.3,0.9,1.3,1.7,0,0,0,0,0,0,17,1.6,,, ,,0,0,0,0,0,0,0,0,0,0,0,0,0,0%,-0.2,1,0.9,0.11,0.39,3,2.6,2.9,9.7,-0.6,1.6,0,1,0.13,0.43,46.7,0,0,0,2,0,0,0,1,0,0,2,0,0,0,14,0,,0.743,0.767,0.058,0,0,1
61,1994-01-06,Edmonton,AB,CAN,CAN,74,187,L,2012,4,105,Y,22,Brett,Kulak,CGY,CGY,D,8, , ,8,0,0,0,0,-2,9,3,6,0.00%,0.00%,5926,12.3,146,18.3,40.6,0,0,0,0,0.00%,,,,0,,0,8,2,3,3,4,3,4.9,1.2,1.8,1.8,2.4,1.8,0,0,0,0,0,0,5,0.5,,, ,,0,0,0,0,0,0,0,0,0,0,0,0,0,0%,-0.1,0,-0.1,-0.01,-0.06,1,1.2,1.6,-1.9,-0.3,-0.1,0,-0.4,-0.05,-0.24,53.6,0,0,0,3,0,0,3,0,0,0,6,0,0,0,18,0,,0.655,0.657,0.079,0,0.145,-0.5
86,1986-07-14,Magnitogorsk,,RUS,RUS,73,225,L,2006,2,44,,29,Nikolay,Kulemin,NYI,NYI,LW/RW,80, , ,81,9,13,8,22,13,92,28,41,9.80%,5.60%,68336,14.1,1674,20.7,40.8,74,3.9,23,36,39.00%,,,40,14,19,9,56,107,50,28,31,32,3,5.6,2.6,1.5,1.6,1.7,22,11,0,0,0,0,179,-4,,, ,,2,0,3,0,1,0,0,2,1,0,5,0,0,0%,0.3,1.8,2.1,0.03,0.11,5,20.2,26.3,7.8,0.4,5.1,0,5.5,0.07,0.29,26.2,0,3,2,23,10,0,2,16,9,1,54,0,2,1,186,0,,4.25,4.188,4.188,0,0,-2.2
7,1990-10-29,Lipetsk,,RUS,RUS,73,204,L,2009,1,14,,25,Dmitry,Kulikov,FLA,FLA,D,74, , ,74,1,16,9,17,8,99,40,50,1.00%,0.50%,93393,21,1808,24.4,51.7,93,3.6,0,0,0.00%,,,,0,,0,211,122,121,40,54,31,8.1,4.7,4.7,1.5,2.1,1.2,51,23,1,0,0,0,295,-5.2,,, ,,0,0,1,0,0,0,0,1,0,0,0,0,0,0%,0.1,3.4,3.5,0.05,0.13,3,30.2,35.6,-3.4,-0.8,3.5,0,2.7,0.04,0.1,48.7,0,0,4,36,2,0,46,20,1,1,29,0,0,1,186,8,Leg,4.5,4.333,4.333,423,0,-5.3
14,1979-09-26,Regina,SK,CAN,CAN,72,195,L,,,,,36,Chris,Kunitz,PIT,PIT,LW,80, , ,80,17,23,15,40,29,150,62,67,11.30%,6.10%,80758,16.8,1880,23.5,43,141,6.3,5,6,45.50%,,,7,3,4,2,125,264,33,62,43,33,5.6,11.8,1.5,2.8,1.9,1.5,41,18,1,0,0,0,339,-2.3,2,0,0%,0,4,0,1,0,2,0,4,2,5,0,4,0,0,0%,2.7,2.6,5.2,0.07,0.23,5,29.1,26.8,20.1,4,4.3,-0.4,7.9,0.1,0.35,29.3,0,4,14,44,12,1,21,24,13,0,79,0,5,3,186,2,Lower body,4,3.85,3.85,94,0,0.9
92,1992-05-19,Chelyabinsk,,RUS,RUS,72,192,L,2010,1,26,,23,Evgeny,Kuznetsov,WSH,WSH,C,82, , ,82,20,57,43,77,27,193,58,67,10.40%,6.30%,85683,17.4,1699,20.7,50.4,359,15.1,543,594,47.80%,15,9,758,363,379,180,54,73,29,58,54,61,2.3,3.1,1.2,2.4,2.3,2.6,32,16,0,0,0,0,134,3.9,6,1,17%,0,4,2,4,1,7,0,0,3,2,0,8,0,0,0%,6.9,2.6,9.6,0.12,0.4,6,37.7,31.2,13.9,13.7,3.6,-0.6,16.7,0.2,0.7,28.7,0,5,6,47,22,1,13,26,10,2,119,11,2,5,186,0,,2.6,3,3,0,0,11.5
58,1997-05-19,Stockholm,,SWE,SWE,72,183,L,2015,2,60,Y,18,Oliver,Kylington,CGY,CGY,D,1, , ,1,0,0,0,0,0,1,0,1,0.00%,0.00%,1042,17.4,20,20,52.1,0,0,0,0,0.00%,,,,0,,0,0,0,1,0,0,0,0,0,3.5,0,0,0,0,0,0,0,0,0,1,0.1,,, ,,0,0,0,0,0,0,0,0,0,0,0,0,0,0%,0,0,0,0,0,3,0.4,0.4,0.1,-0.1,0.1,0,0,0,0,56,0,0,0,0,0,0,0,0,0,0,1,0,0,0,2,0,,0.743,0.792,0.01,0,0.183,0
16,1985-12-12,Maple Ridge,BC,CAN,CAN,75,200,L,2004,1,4,,30,Andrew,Ladd,CHI,"WPG, CHI",LW,58,19, ,78,25,21,9,46,-13,181,71,100,13.80%,7.10%,88519,18.9,1953,25,45.3,94,3.8,8,5,61.50%,1,1,9,6,4,2,91,155,42,71,34,29,3.7,6.3,1.7,2.9,1.4,1.2,45,15,3,0,0,0,245,0.2,6,3,50%,1,5,0,3,2,2,1,4,6,2,0,10,0,1,100%,3.9,1,4.9,0.06,0.2,9,35.7,31.8,-11.1,4.7,1.6,0.7,7.1,0.09,0.29,31.6,1,5,9,56,13,5,17,30,13,0,103,0,6,2,231,0,,4.5,4.4,4.399,0,0,-0.8
23,1983-06-23,Wawota,SK,CAN,CAN,74,200,L,2001,6,193,,32,Brooks,Laich,TOR,"WSH, TOR",C,60,21, ,81,2,12,6,14,-13,101,27,30,2.00%,1.30%,55574,11.4,1350,16.7,41.2,103,6.7,98,145,40.30%,2,0,138,56,105,42,79,126,34,27,16,29,5.1,8.2,2.2,1.7,1,1.9,18,9,0,0,0,0,178,1.5,,, ,,0,0,1,0,0,1,0,1,0,0,0,0,0,0%,-0.8,0.5,-0.3,0,-0.02,5,16.6,21,-14.5,-2.2,2.2,0,0,0,0,34.3,0,1,2,24,15,4,16,15,9,1,41,0,0,0,186,0,,4,4.5,4.5,0,0,-8.4
51,1991-04-24,Sundsvall,,SWE,SWE,72,184,L,2009,2,40,,24,Anton,Lander,EDM,EDM,C,61, , ,61,1,2,1,3,-9,54,16,23,1.90%,1.10%,44221,12.1,1123,18.4,39.4,29,2.4,378,315,54.50%,2,1,433,247,260,131,29,58,19,16,18,23,2.4,4.7,1.5,1.3,1.5,1.9,18,9,0,0,0,0,95,7.3,,, ,,0,0,0,0,0,0,0,0,0,0,1,0,0,0%,-1.6,0.5,-1.1,-0.02,-0.09,3,10,13.8,-7.5,-3.2,1.3,0,-1.9,-0.03,-0.15,29.3,0,2,0,14,5,0,2,11,1,0,35,0,0,1,186,0,,0.925,0.988,0.988,0,0,-2.8
92,1992-11-23,Stockholm,,SWE,SWE,73,210,L,2011,1,2,,23,Gabriel,Landeskog,COL,COL,LW,75, , ,75,20,33,18,53,-5,169,41,39,11.80%,8.00%,85166,18.9,1784,23.8,47.7,147,6.2,31,25,55.40%,1,0,30,20,26,11,85,141,66,41,30,37,3.6,6,2.8,1.7,1.3,1.6,69,27,1,0,0,1,277,-5.5,3,1,33%,1,2,1,2,1,4,0,1,2,2,0,11,0,0,0%,4.1,1.4,5.6,0.07,0.24,7,32.4,30.2,3.4,7.3,2.4,0,9.7,0.13,0.41,32.9,1,2,2,36,13,1,20,19,5,2,110,7,3,2,186,2,Back,4.5,5.5,5.571,134,0,-1
71,1996-07-30,Waterford,MI,USA,USA,73,190,L,2014,1,15,Y,19,Dylan,Larkin,DET,DET,C,79, , ,80,23,22,16,45,11,221,80,89,10.40%,5.90%,79412,16.5,1755,21.9,45.2,149,6.8,41,59,41.00%,1,0,67,22,33,19,94,65,25,80,39,43,4.3,2.9,1.1,3.6,1.8,1.9,34,17,0,0,0,0,124,3.9,2,0,0%,0,8,0,5,0,4,2,0,4,0,1,12,0,0,0%,4,2,6,0.08,0.27,5,30,27,14.2,6.7,3.7,-0.4,10,0.13,0.45,30,0,6,5,69,20,3,15,47,1,6,129,6,5,4,186,2,"Illness, Upper body",0.925,0.925,1.425,31,0.35,8.1
5,1992-11-12,SkellefteÃ¥,,SWE,SWE,75,205,R,2011,1,4,,23,Adam,Larsson,NJD,NJD,D,81, , ,82,3,15,6,18,15,65,38,51,4.60%,1.90%,110747,22.5,2243,27.4,49.4,65,2.1,0,0,0.00%,,,,0,,0,164,163,148,38,27,22,5.3,5.3,4.8,1.2,0.9,0.7,77,21,3,1,1,0,391,-7.8,,, ,,1,1,1,1,0,0,0,2,0,0,1,0,0,0%,0.1,6.6,6.7,0.08,0.22,5,26.4,38.9,19.8,0.8,9.6,0,10.4,0.13,0.34,50.1,0,0,5,33,0,0,19,17,0,0,29,1,1,2,186,0,,2.5,4.167,4.167,0,0,2.7
22,1992-07-25,Lau,,SWE,SWE,71,200,L,2010,2,56,,23,Johan,Larsson,BUF,BUF,LW/C,74, , ,74,10,7,5,17,-4,95,49,47,10.50%,5.20%,65799,14.8,1438,19.4,45.8,50,2.7,388,371,51.10%,20,9,464,238,271,137,111,113,33,49,16,21,6.1,6.2,1.8,2.7,0.9,1.1,27,11,1,0,0,0,174,3.4,,, ,,1,0,5,1,1,0,0,3,1,0,5,0,0,0%,0,1.3,1.4,0.02,0.08,6,19.7,17.7,0,-0.9,1.7,0,0.8,0.01,0.04,30.7,0,2,4,43,8,2,3,16,5,1,60,0,2,2,186,5,Undisclosed,0.8,0.8,0.8,49,0,0.3
46,1991-05-25,Kitchener,ON,CAN,CAN,72,207,R,2009,3,72,,24,Michael,Latta,WSH,WSH,C,43, , ,43,3,4,1,7,0,29,6,16,10.30%,5.90%,20861,8.1,487,11.3,42.8,14,2.4,102,96,51.50%,,,137,66,61,36,53,58,10,6,4,8,9.1,10,1.7,1,0.7,1.4,50,5,8,0,0,0,126,-1.6,,, ,,2,0,0,0,0,0,0,0,0,0,3,0,0,0%,0.2,0.4,0.5,0.01,0.09,2,6.5,6.2,-2.2,0.1,0.5,0,0.6,0.01,0.1,27.6,0,0,1,5,1,0,5,4,2,0,17,0,1,0,186,5,"Flu, Arm",0.575,0.575,0.575,35,0,0.5
21,1994-05-30,Oakville,ON,CAN,CAN,73,190,L,2012,1,20,,21,Scott,Laughton,PHI,PHI,C,70, , ,71,7,14,7,21,-2,85,25,35,8.20%,4.80%,44448,10.4,1075,15.1,41.3,98,7.9,170,218,43.80%,2,1,264,120,124,50,62,86,29,25,21,23,5,7,2.3,2,1.7,1.9,34,12,2,0,0,0,151,-8.6,1,0,0%,0,3,0,0,0,1,0,1,3,0,0,2,0,1,100%,1,0.8,1.8,0.03,0.15,3,14.9,15.9,-4.7,1.8,1.4,-0.2,3,0.04,0.24,31,0,1,3,21,11,3,8,16,2,1,44,0,0,1,186,0,,0.925,0.925,1.076,0,0.213,1.9
27,1995-02-02,Salmon Arm,BC,CAN,CAN,72,209,R,2013,1,17,,21,Curtis,Lazar,OTT,OTT,RW/C,75, , ,76,6,14,10,20,-1,78,33,30,7.70%,4.30%,63196,13.9,1479,19.5,42.7,106,6,168,216,43.80%,1,1,262,119,122,49,113,118,47,33,15,24,6.4,6.7,2.7,1.9,0.9,1.4,18,4,2,0,0,0,185,9.9,,, ,,0,0,0,1,2,0,0,2,0,0,2,0,0,0%,0.1,0.9,0.9,0.01,0.05,4,19.9,21,-4,-0.5,1,0,0.6,0.01,0.03,26.6,1,1,3,28,14,1,3,10,1,0,49,1,0,1,186,6,"Undisclosed, Lower body, Concussion",0.925,0.925,1.254,94,0.36,-0.9
44,1980-04-21,Ile Bizard,QC,CAN,CAN,76,215,L,1998,1,1,,35,Vincent,Lecavalier,LAK,"PHI, LAK",C,7,41, ,49,10,8,6,18,0,67,24,22,14.90%,8.80%,38926,13.2,929,19,41.9,84,7.8,297,288,50.80%,3,2,373,190,212,107,31,62,22,24,14,13,2.9,5.7,2,2.2,1.3,1.2,22,11,0,0,0,0,106,-5.7,1,0,0%,0,3,0,0,0,0,1,2,1,1,0,5,0,0,0%,1.3,0.7,2.1,0.04,0.19,3,12.9,11.3,-2.3,2.3,1.1,-0.2,3.1,0.06,0.29,29.8,0,0,2,22,10,3,9,10,2,1,32,0,0,3,467,12,"Back, Undisclosed",4.5,4.5,4.5,631,0,-3.5
2,1991-03-20,Eden Prairie,MN,USA,USA,72,199,L,2009,1,16,,24,Nick,Leddy,NYI,NYI,D,80, , ,81,5,35,19,40,-9,121,53,90,4.10%,1.90%,109929,22.6,1981,24.5,55.5,170,5.6,0,0,0.00%,,,,0,,0,94,83,87,53,52,40,3.1,2.7,2.8,1.7,1.7,1.3,25,10,1,0,0,0,196,6,,, ,,1,0,1,0,0,0,2,1,0,0,2,0,0,0%,2.8,3.1,5.9,0.07,0.19,5,45.9,34.6,-8,4.3,0.4,0,4.7,0.06,0.15,44.3,1,2,4,46,6,0,53,16,0,0,46,1,1,2,186,0,,4,5.5,5.5,0,0,-5.8
27,1990-07-03,Edina,MN,USA,USA,75,228,L,2009,6,152,,25,Anders,Lee,NYI,NYI,LW/C,79, , ,80,15,21,13,36,-2,183,57,42,8.20%,5.30%,69967,14.6,1499,18.7,46.7,160,8.2,1,5,16.70%,,,3,1,3,0,137,164,31,57,21,32,7,8.4,1.6,2.9,1.1,1.6,51,18,3,0,0,0,249,-12.5,,, ,,0,0,3,0,3,2,1,0,6,0,3,0,0,0%,2.5,1.2,3.7,0.05,0.19,3,27.5,19,2,3.2,0.8,0,4,0.05,0.21,24.4,0,1,10,46,32,5,14,13,37,3,79,2,2,1,186,2,Leg,2,3.75,3.75,91,0,-2.8
17,1980-08-17,Detroit,MI,USA,USA,74,207,L,1998,1,2,,35,David,Legwand,BUF,BUF,C/LW,79, , ,79,5,9,5,14,-4,61,9,23,8.20%,5.40%,46003,9.7,1133,14.3,40.6,70,5.5,196,231,45.90%,2,0,274,127,148,67,35,28,18,9,12,19,2.7,2.2,1.4,0.7,0.9,1.5,14,7,0,0,0,0,60,-6.6,,, ,,2,0,0,0,1,0,0,1,0,0,3,0,0,0%,0,0.9,0.9,0.01,0.07,1,15,22.2,-3.9,-0.8,3.7,0,2.9,0.04,0.23,40.1,0,0,1,8,7,2,1,6,2,2,41,0,1,1,186,0,,3.5,3,3,0,0,-2.3
12,1987-12-23,Helsinki,,FIN,FIN,74,210,L,2008,3,65,,28,Jori,Lehtera,STL,STL,C,79, , ,79,9,25,11,34,12,83,19,38,10.80%,6.40%,76232,16.1,1899,24,40.1,108,5.1,485,484,50.10%,10,4,613,307,356,178,114,43,26,19,19,29,5.4,2,1.2,0.9,0.9,1.4,38,19,0,0,0,0,107,-11.4,5,1,20%,0,2,1,3,0,1,0,2,1,2,0,3,0,0,0%,1.3,2.1,3.4,0.04,0.16,4,28.2,24.4,9.8,0.8,2.9,-0.4,3.4,0.04,0.16,26.3,0,1,2,16,5,6,10,6,10,1,45,1,1,3,186,3,Upper body,2.25,2.75,2.75,101,0,-1.3
58,1994-02-15,Saskatoon,SK,CAN,CAN,70,174,L,2012,4,117,Y,21,Taylor,Leier,PHI,PHI,LW,6, , ,6,0,0,0,0,0,3,2,4,0.00%,0.00%,2780,7.7,69,11.5,40.3,0,0,0,0,0.00%,,,,0,,0,8,2,3,2,1,3,10.4,2.6,3.9,2.6,1.3,3.9,0,0,0,0,0,0,5,0.9,,, ,,0,0,0,0,0,0,0,0,0,0,0,0,0,0%,-0.1,0.1,-0.1,-0.02,-0.13,2,0.3,0.3,0,-0.1,0,0,-0.1,-0.02,-0.13,25.7,0,0,0,2,0,0,0,2,0,0,1,0,0,0,13,0,,0.81,0.808,0.058,0,0.043,-0.1
49,1994-05-19,Winnipeg,MB,CAN,CAN,69,165,L,2012,3,89,Y,21,Brendan,Leipsic,TOR,TOR,LW/C,4, , ,6,1,2,2,3,-1,11,4,4,9.10%,5.30%,5126,14.2,126,21,40.7,27,19,2,1,66.70%,,,2,1,1,1,11,12,6,4,1,3,7.7,8.4,4.2,2.8,0.7,2.1,2,1,0,0,0,0,20,-0.1,,, ,,0,0,1,0,0,1,0,0,0,0,0,0,0,0%,0.2,0.1,0.3,0.05,0.21,4,2,1.3,-0.2,0.3,0,0,0.3,0.05,0.21,33.5,0,0,0,4,2,1,0,3,0,0,5,0,1,0,13,0,,0.693,0.653,0.062,0,0.233,0.2
32,1993-05-26,Innisfil,ON,CAN,CAN,73,204,R,2011,3,86,,22,Josh,Leivo,TOR,TOR,LW/RW,11, , ,12,5,0,0,5,2,20,9,9,25.00%,13.20%,8868,12.3,204,17,43.5,0,0,1,1,50.00%,,,2,1,,0,13,7,3,9,4,4,5.3,2.8,1.2,3.7,1.6,1.6,6,3,0,0,0,0,16,-3,,, ,,0,0,1,1,0,0,0,2,0,0,3,0,0,0%,0.7,0.3,1,0.08,0.41,2,3.8,3.4,3.3,0.9,0.5,0,1.4,0.12,0.57,39.5,0,1,1,7,1,0,1,3,2,0,13,0,0,1,44,4,Upper body,0.843,0.792,0.219,45,0.083,1.2
11,1986-01-20,Livonia,MI,USA,USA,70,175,L,,,,,30,Bryan,Lerg,SJS,SJS,C/LW,6, , ,6,0,0,0,0,1,4,1,2,0.00%,0.00%,3195,8.9,82,13.7,39,0,0,17,16,51.50%,,,26,13,7,4,2,13,3,1,0,0,2.3,14.6,3.4,1.1,0,0,0,0,0,0,0,0,16,-0.1,,, ,,0,0,0,0,0,0,0,0,0,0,0,0,0,0%,-0.1,0.1,0,0,0,3,0.6,0.9,0.8,-0.2,0.2,0,0,0,0,42.5,0,0,0,1,0,0,1,0,1,0,2,0,0,0,16,0,,0.6,0.6,0.052,0,0,0
36,1995-09-24,Winnipeg,MB,CAN,CAN,76,213,R,2014,3,73,Y,20,Brett,Lernout,MTL,MTL,D,1, , ,1,0,0,0,0,0,0,0,0,0.00%,0.00%,390,6.5,8,8,48.8,0,0,0,0,0.00%,,,,0,,0,1,1,0,0,0,0,9.2,9.2,0,0,0,0,0,0,0,0,0,0,1,0,,, ,,0,0,0,0,0,0,0,0,0,0,0,0,0,0%,0,0,0,0,0,3,0.1,0.1,0,0,0,0,0,0,0,0,0,0,0,0,0,0,0,0,0,0,0,0,0,0,10,3,Knee,0.66,0.665,0.044,33,0,0
53,1993-01-23,Maple,ON,CAN,CAN,73,212,L,2011,2,56,,23,Lucas,Lessio,MTL,MTL,LW,12, , ,12,1,1,0,2,1,14,4,6,7.10%,4.20%,7542,10.5,179,14.9,42.1,0,0,0,2,0.00%,,,,0,2,0,17,24,5,4,2,2,8.1,11.5,2.4,1.9,1,1,2,1,0,0,0,0,31,-0.2,,, ,,0,0,1,0,0,0,0,0,0,0,1,0,0,0%,0,0.2,0.2,0.02,0.1,2,2,1.9,1.2,0,0.3,0,0.3,0.03,0.14,20.4,0,0,1,3,1,0,0,1,0,1,11,0,0,0,70,13,"Undisclosed, Lower body",0.833,0.831,0.337,132,0,0
58,1987-04-24,Montreal,QC,CAN,CAN,72,201,R,2005,3,62,,28,Kris,Letang,PIT,PIT,D,71, , ,71,16,51,23,67,9,218,53,146,7.30%,3.80%,114786,26.9,2198,31,52.2,168,5.3,0,0,0.00%,,,,0,,0,143,135,122,53,69,47,4.5,4.2,3.8,1.7,2.2,1.5,66,33,0,0,0,0,323,-4.5,5,3,60%,3,1,1,2,2,1,0,5,5,1,0,4,0,0,0%,7,4.3,11.3,0.16,0.35,6,47.9,41.5,-2.4,15.1,3.9,0.9,20,0.28,0.63,46.7,0,3,3,47,15,0,67,50,2,0,84,3,3,1,186,10,"Wrist, Undisclosed, Upper body",7.25,7.25,7.25,884,0,5.7
55,1985-02-04,Elk Point,AB,CAN,CAN,70,197,R,,,,,31,Mark,Letestu,EDM,EDM,C/RW,81, , ,82,10,15,7,25,-21,107,45,46,9.30%,5.10%,77649,15.8,1864,22.7,41.7,88,4.1,596,566,51.30%,8,6,808,414,354,182,35,68,33,45,29,28,1.6,3.2,1.5,2.1,1.3,1.3,10,5,0,0,0,0,111,-1.4,1,0,0%,0,3,0,0,1,1,1,0,0,1,0,7,0,0,0%,0.3,0.7,1,0.01,0.05,3,24.4,25.4,-13.3,-0.4,1.5,-0.2,0.9,0.01,0.04,34.4,1,2,3,39,8,1,11,27,7,4,49,0,0,3,186,0,,1.8,1.8,1.8,0,0,-1.8
22,1987-01-08,Salt Lake City,UT,USA,USA,73,199,R,2006,1,17,,29,Trevor,Lewis,LAK,LAK,C,74, , ,75,8,8,5,16,-10,167,59,39,4.80%,3.00%,65519,14.6,1531,20.4,42.8,90,4.9,103,154,40.10%,2,2,157,66,100,37,154,168,28,59,22,17,8.5,9.2,1.5,3.2,1.2,0.9,20,10,0,0,0,0,216,-2.5,,, ,,0,0,1,2,1,0,0,1,2,0,4,0,0,0%,-0.3,0.8,0.4,0.01,0.02,2,18.9,22.7,-16.5,-1.5,1.8,0,0.2,0,0.01,28.1,0,4,3,52,22,2,6,16,12,6,103,0,0,0,186,7,Upper body,1.55,1.525,1.525,130,0,-1.9
26,1980-11-25,Indianapolis,IN,USA,USA,70,185,L,2000,5,159,,35,John-Michael,Liles,BOS,"CAR, BOS",D,63,17, ,81,6,15,8,21,-10,111,39,82,5.40%,2.60%,98676,20.3,2152,26.6,45.9,101,3.7,0,0,0.00%,,,,0,,0,127,81,127,39,44,26,4.6,3,4.6,1.4,1.6,0.9,18,9,0,0,0,0,226,5.6,,, ,,1,0,1,0,0,1,2,0,1,0,2,0,0,0%,1,3.3,4.3,0.05,0.16,2,30.9,31,-3.9,1.2,2.9,0,4.1,0.05,0.15,50.3,0,1,1,37,4,2,52,17,1,1,34,1,2,2,186,2,Lower body,2.75,3.875,3.875,95,0,-3
24,1991-10-29,SkellefteÃ¥,,SWE,SWE,73,195,L,2010,2,57,Y,24,Oscar,Lindberg,NYR,NYR,C,67, , ,68,13,15,9,28,12,114,41,24,11.40%,7.30%,49681,12.2,1222,18,40.7,110,8,134,143,48.40%,3,0,164,77,113,57,80,132,36,41,14,16,5.8,9.6,2.6,3,1,1.2,43,19,1,0,0,0,212,-7.2,,, ,,3,0,2,1,2,0,2,1,1,0,7,0,0,0%,2.4,1.3,3.6,0.05,0.26,3,15.5,14.3,8.7,5.4,2.3,0,7.7,0.11,0.56,28.8,0,2,4,35,14,1,6,19,6,0,68,0,3,1,186,0,,0.6,0.65,0.65,0,0,7.5
46,1995-07-22,Stockholm,,SWE,SWE,75,217,L,2013,4,102,Y,20,Tobias,Lindberg,TOR,TOR,RW,6, , ,6,0,2,1,2,0,12,6,7,0.00%,0.00%,5702,15.8,129,21.5,44.2,10,6.3,0,3,0.00%,,,,0,3,0,7,10,1,6,2,2,4.4,6.3,0.6,3.8,1.3,1.3,4,1,0,0,0,0,15,-1.1,,, ,,0,0,0,0,0,0,0,0,0,0,0,0,0,0%,0,0.1,0.1,0.02,0.06,3,1.9,1.5,0.7,-0.1,0.1,0,0,0,0,44.3,0,0,1,5,0,0,0,3,0,0,9,0,0,0,10,0,,0.66,0.693,0.037,0,0,0
48,1993-09-23,Helsinki,,FIN,FIN,75,198,L,2012,6,176,Y,22,Petteri,Lindbohm,STL,STL,D,10, , ,10,0,0,0,0,-4,9,5,10,0.00%,0.00%,8273,13.8,184,18.4,45,0,0,0,0,0.00%,,,,0,,0,17,14,11,5,1,2,7.4,6.1,4.8,2.2,0.4,0.9,7,1,1,0,0,0,33,1.6,,, ,,0,0,0,0,0,0,0,0,0,0,0,0,0,0%,-0.2,0,-0.2,-0.02,-0.09,3,2.2,2.4,-4.3,-0.5,-0.4,0,-0.9,-0.09,-0.39,60,0,1,0,4,0,0,2,1,0,0,6,0,0,0,105,0,,0.645,0.637,0.395,0,0.055,-1.1
23,1994-05-23,Vantaa,,FIN,FIN,75,215,L,2012,3,74,Y,21,Esa,Lindell,DAL,DAL,D,4, , ,4,0,0,0,0,-3,2,2,5,0.00%,0.00%,3371,14,75,18.8,44.9,0,0,0,0,0.00%,,,,0,,0,11,4,9,2,3,0,11.7,4.3,9.6,2.1,3.2,0,0,0,0,0,0,0,13,0.3,,, ,,0,0,0,0,0,0,0,0,0,0,0,0,0,0%,-0.1,-0.2,-0.2,-0.05,-0.21,2,1.1,1.2,-3.3,-0.3,-0.4,0,-0.6,-0.15,-0.64,65,0,0,1,1,0,0,0,1,0,0,1,0,0,0,8,0,,0.767,0.746,0.04,0,0.158,-0.6
16,1994-12-02,Boden,,SWE,SWE,73,192,R,2013,1,5,,21,Elias,Lindholm,CAR,CAR,C/RW,81, , ,82,11,28,15,39,-23,176,60,59,6.30%,3.70%,89108,18.1,2005,24.5,44.4,189,7.6,213,221,49.10%,7,3,313,148,121,65,101,112,45,60,34,33,4.1,4.5,1.8,2.4,1.4,1.3,24,12,0,0,0,0,181,0.7,4,0,0%,0,2,0,3,1,0,1,3,5,0,0,2,1,1,100%,1.5,1.1,2.6,0.03,0.11,6,31.3,27.1,-13,1.6,1.8,-0.9,2.5,0.03,0.1,30.3,0,3,4,53,8,11,15,60,10,0,72,0,3,2,186,0,,0.925,0.925,1.775,0,0.85,-0.1
47,1994-01-20,Helsingborg,,SWE,SWE,75,205,L,2012,1,6,,22,Hampus,Lindholm,ANA,ANA,D,80, , ,80,10,18,8,28,7,149,62,105,6.70%,3.20%,105609,22,2100,26.3,50.3,103,3.5,0,0,0.00%,,,,0,,0,182,68,115,62,65,18,6.2,2.3,3.9,2.1,2.2,0.6,40,19,0,0,0,0,223,2.8,,, ,,1,0,1,1,2,0,3,2,1,0,2,0,0,0%,2.1,5.2,7.3,0.09,0.25,5,33.9,34.5,2.7,3.6,5.2,0,8.8,0.11,0.3,46.7,1,2,6,53,6,0,47,19,3,0,74,2,3,3,186,2,"Illness, Upper body",0.833,0.894,1.744,43,0.85,6.3
46,1993-07-10,Regina,SK,CAN,CAN,72,183,R,2013,3,91,Y,22,JC,Lipon,WPG,WPG,RW,9, , ,9,0,1,0,1,0,4,0,,0.00%,0.00%,3762,7,90,10,41.8,0,0,0,0,0.00%,,,,0,,0,,29,2,0,0,1,0,27.8,1.9,0,0,1,5,0,1,0,0,0,37,0,,, ,,0,0,0,0,0,0,0,0,0,0,0,0,0,0%,-0.1,0.1,0,0,0,3,5.1,4.6,-4.2,-1.9,0,0,-1.9,-0.21,-1.82,25.3,0,0,0,0,0,0,0,1,1,0,2,0,0,0,43,12,Undisclosed,0.675,0.7,0.162,105,0.075,-2
18,1987-11-12,Edmonton,AB,CAN,CAN,72,191,R,2006,1,12,,28,Bryan,Little,WPG,WPG,C,57, , ,57,17,25,14,42,-13,127,45,44,13.40%,7.90%,67020,19.6,1500,26.3,44.7,123,6.6,674,640,51.30%,35,20,851,430,463,244,43,48,22,45,26,20,2.3,2.6,1.2,2.4,1.4,1.1,12,6,0,0,0,0,82,5.7,2,0,0%,0,4,0,2,1,0,1,2,4,2,0,8,1,1,100%,3.6,0.6,4.2,0.07,0.23,6,29,27.2,-11.1,5,1.3,-0.4,5.8,0.1,0.31,25,0,2,7,36,15,5,18,21,5,0,63,1,3,5,186,25,Back,4.75,4.7,4.7,1433,0,-3
55,1992-11-16,Sodertalje,,SWE,SWE,73,212,L,2012,7,209,Y,23,Viktor,Loov,TOR,TOR,D,1, , ,4,0,2,0,2,4,1,4,2,0.00%,0.00%,2510,10.5,67,16.8,37.5,0,0,0,0,0.00%,,,,0,,0,4,8,1,4,0,0,5.7,11.5,1.4,5.7,0,0,0,0,0,0,0,0,9,0.2,,, ,,0,0,0,0,0,0,0,0,0,0,0,0,0,0%,0.2,0.4,0.6,0.15,0.86,3,1,1.1,4.3,0.5,0.7,0,1.2,0.3,1.72,51,0,0,1,3,0,0,1,0,0,0,0,0,0,0,35,13,Undisclosed,0.693,0.693,0.174,147,0.233,1
12,1984-02-20,Concord,NH,USA,USA,73,206,R,,,,,31,Ben,Lovejoy,PIT,PIT,D,66, , ,66,4,6,1,10,9,90,38,44,4.40%,2.30%,74713,18.9,1761,26.7,42.4,14,0.7,0,0,0.00%,,,,0,,0,173,154,104,38,18,20,8.3,7.4,5,1.8,0.9,1,30,15,0,0,0,0,288,-6.5,,, ,,1,0,0,0,0,0,0,1,0,0,3,0,0,0%,0,3.1,3.1,0.05,0.15,4,20.9,29.1,-1.7,-0.7,3.7,0,3,0.05,0.14,56.2,0,0,4,34,0,0,40,10,0,0,40,1,0,0,186,16,Upper body,1.2,1.1,1.1,215,0,1.8
17,1993-03-29,St. Louis,MO,USA,USA,77,210,L,2011,3,67,,22,Adam,Lowry,WPG,WPG,C/LW,73, , ,74,7,10,6,17,-9,73,21,27,9.60%,5.80%,62242,14,1503,20.3,41.4,79,4.6,391,454,46.30%,17,5,477,229,368,162,65,187,48,21,18,33,3.8,10.8,2.8,1.2,1,1.9,53,13,3,1,0,0,291,-4.8,,, ,,2,0,2,0,1,0,0,1,1,0,4,0,0,0%,-0.2,0.7,0.5,0.01,0.03,5,17.3,21.7,-9.8,-0.5,1.6,0,1.2,0.02,0.07,28.7,0,1,1,19,8,1,0,11,8,0,45,1,1,1,175,5,Undisclosed,0.925,0.828,0.87,51,0,0.4
17,1988-06-07,Vancouver,BC,CAN,CAN,75,233,L,2006,2,50,,27,Milan,Lucic,LAK,LAK,LW,80, , ,81,20,35,25,55,26,124,85,60,16.10%,7.40%,83772,17.2,1715,21.2,48.8,212,9.1,7,13,35.00%,,,12,4,8,3,124,244,22,85,48,22,5.3,10.5,0.9,3.7,2.1,0.9,79,22,3,0,1,1,348,-11.1,,, ,,0,0,5,1,1,1,1,3,5,0,9,0,0,0%,4.6,2.6,7.2,0.09,0.31,5,37.5,30.2,18.9,5.9,4.8,0,10.7,0.13,0.46,27.8,0,2,6,77,5,3,12,17,15,1,71,4,3,3,372,0,,6.5,6,6,0,0,0.3
19,1983-09-23,Fort Saskatchewan,AB,CAN,CAN,73,211,R,2002,1,7,,32,Joffrey,Lupul,TOR,TOR,LW/RW,46, , ,46,11,3,2,14,-10,102,47,29,10.80%,6.20%,40354,14.6,980,21.3,41.2,20,1.8,0,4,0.00%,,,3,0,1,0,65,58,14,47,7,12,5.8,5.2,1.2,4.2,0.6,1.1,12,6,0,0,0,0,84,0.7,7,1,14%,1,0,0,2,0,0,0,0,3,1,0,7,0,0,0%,0.9,0.4,1.3,0.03,0.12,5,15.5,11.6,-4.2,-0.2,0,-0.8,-1.1,-0.02,-0.1,28.6,0,2,7,38,4,2,5,26,14,0,51,2,2,0,186,36,"Hernia, Lower body",6.75,5.25,5.25,2305,0,-11.1
3,1994-08-22,JyvÃ¤skylÃ¤,,FIN,FIN,74,206,L,2012,1,22,,21,Olli,Maatta,PIT,PIT,D,67, , ,67,6,13,7,19,27,95,35,60,6.30%,3.20%,80240,20,1831,27.3,43.8,69,3.1,0,0,0.00%,,,,0,,0,137,81,87,35,34,8,6.1,3.6,3.9,1.6,1.5,0.4,22,11,0,0,0,0,190,1.2,,, ,,2,0,2,0,1,0,0,0,0,0,5,0,0,0%,1.1,4.8,5.9,0.09,0.26,5,25.1,32,15.6,1.8,6.3,0,8.1,0.12,0.36,48.3,0,1,1,33,2,0,33,13,0,1,46,0,0,1,185,15,"Lower body, Upper body",0.833,0.894,0.889,164,0,7.4
16,1985-04-06,Lloydminster,AB,CAN,CAN,72,195,L,2003,3,74,,30,Clarke,MacArthur,OTT,OTT,LW,4, , ,4,0,0,0,0,-1,4,1,3,0.00%,0.00%,2606,10.9,60,15,43.4,0,0,0,1,0.00%,,,1,0,,0,4,3,1,1,0,0,5.5,4.1,1.4,1.4,0,0,0,0,0,0,0,0,4,0.9,,, ,,0,0,0,0,0,0,0,0,0,0,0,0,0,0%,-0.1,0,-0.1,-0.03,-0.14,2,0.8,0.8,-1,-0.4,0,0,-0.4,-0.1,-0.55,24.5,0,0,0,1,1,0,0,1,1,0,1,0,0,0,186,78,Concussion,4.5,4.65,4.65,4423,0,-9.1
47,1986-09-07,Judique,NS,CAN,CAN,73,204,L,2006,6,160,,29,Andrew,MacDonald,PHI,PHI,D,27, , ,28,1,7,5,8,10,20,17,22,5.00%,1.70%,33800,20.1,734,26.2,46,39,4.2,0,0,0.00%,,,,0,,0,38,14,72,17,20,4,4,1.5,7.7,1.8,2.1,0.4,6,3,0,0,0,0,92,2.1,,, ,,0,0,0,0,0,0,0,1,0,0,0,0,0,0%,0.3,2.1,2.4,0.09,0.26,4,12.5,13.8,8.7,0,2.8,0,2.8,0.1,0.3,53.1,0,0,0,17,0,0,8,4,0,0,8,0,0,0,186,1,Lower body,4.5,5,4.367,61,0,-5.3
17,1981-06-11,Sudbury,ON,CAN,CAN,71,181,L,1999,5,128,,34,Derek,MacKenzie,FLA,FLA,C/LW,64, , ,64,6,7,1,13,7,79,31,16,7.60%,4.80%,50502,13.2,1225,19.1,41.2,15,1.1,439,362,54.80%,2,0,496,277,305,162,53,154,38,31,13,27,3.8,11,2.7,2.2,0.9,1.9,36,8,4,0,0,0,232,0.5,,, ,,1,0,3,0,0,0,1,2,1,0,2,0,0,0%,-0.2,1.1,1,0.02,0.07,4,10.4,16,2.3,1.1,2.4,0,3.4,0.05,0.24,32.6,0,1,1,29,7,0,28,15,7,0,22,1,0,0,186,18,"Foot, Undisclosed, Lower body",1.3,1.3,1.3,285,0,1.8
29,1995-09-01,Halifax,NS,CAN,CAN,72,195,R,2013,1,1,,20,Nathan,MacKinnon,COL,COL,C/RW,72, , ,72,21,31,15,52,-4,245,92,80,8.60%,5.00%,81501,18.9,1696,23.6,48.1,136,6,507,540,48.40%,38,21,705,351,342,156,68,46,53,92,39,28,3,2,2.3,4.1,1.7,1.2,20,9,0,0,0,0,119,14,3,2,67%,1,4,0,6,1,2,0,2,1,0,0,16,0,2,200%,4.3,1.4,5.7,0.08,0.25,7,32.8,27,6.1,6.9,1.8,0.7,9.4,0.13,0.42,34.7,2,6,8,76,14,4,32,27,3,7,158,0,7,2,186,10,Knee,0.925,0.925,3.775,460,2.85,2.5
71,1986-07-31,Magnitogorsk,,RUS,RUS,75,195,L,2004,1,2,,29,Evgeni,Malkin,PIT,PIT,C/RW,57, , ,57,27,31,21,58,1,162,57,66,16.70%,9.50%,66241,19.4,1351,23.7,49,190,10.3,317,438,42.00%,9,3,508,228,247,89,70,27,19,57,52,54,3.8,1.5,1,3.1,2.8,2.9,65,30,1,0,0,0,112,-7.3,1,0,0%,0,5,2,6,1,3,0,7,1,1,1,14,0,0,0%,6.5,1.1,7.6,0.13,0.41,4,28.5,20.2,-1.9,12.4,0.7,-0.2,12.9,0.23,0.7,26.2,1,5,1,50,18,0,31,18,4,2,89,9,3,3,186,25,"Arm, Lower body",9.5,9.5,9.5,2896,0,-6.1
24,1989-05-20,Miramichi,NB,CAN,CAN,74,207,L,2007,4,105,,26,Brad,Malone,CAR,CAR,C/LW,57, , ,57,2,4,3,6,-11,31,22,21,6.50%,2.70%,32659,9.5,829,14.5,39.4,51,5.6,40,22,64.50%,,,33,20,29,20,66,124,15,22,16,4,7.3,13.7,1.7,2.4,1.8,0.4,75,15,9,0,0,0,223,-11.3,,, ,,1,0,0,0,0,0,0,1,0,0,1,0,0,0%,-0.6,0.3,-0.3,-0.01,-0.03,2,10.6,13.1,-9,-2.3,1.5,0,-0.8,-0.01,-0.09,33.3,0,0,1,21,1,0,1,11,0,0,18,0,1,1,186,0,,0.7,0.65,0.65,0,0,-1
23,1990-06-04,Prince George,BC,CAN,CAN,73,205,L,,,,,25,Brandon,Manning,PHI,PHI,D,55, , ,56,1,6,2,7,2,67,28,54,1.50%,0.70%,55533,16.5,1300,23.2,42.7,38,2.5,0,1,0.00%,,,1,0,,0,75,94,57,28,19,7,4.9,6.1,3.7,1.8,1.2,0.5,66,18,4,1,0,0,221,7.8,,, ,,0,0,1,0,0,0,0,0,0,0,1,0,0,0%,-0.3,2.2,1.9,0.03,0.12,2,12.6,16.7,2.1,-0.4,2.2,0,1.8,0.03,0.12,48.4,0,0,3,25,1,0,24,14,0,1,27,1,0,0,186,0,,0.625,0.625,0.625,0,0,1.6
42,1991-10-07,Hinsdale,IL,USA,CAN,75,215,R,2011,6,160,,24,Josh,Manson,ANA,ANA,D,71, , ,71,5,10,3,15,11,88,38,45,5.70%,2.90%,80013,18.8,1693,23.8,47.3,44,2,0,0,0.00%,,,,0,,0,110,158,67,38,51,18,4.9,7.1,3,1.7,2.3,0.8,74,17,4,1,1,0,303,5.9,,, ,,1,0,1,0,1,0,0,0,0,0,4,0,0,0%,0.6,4.4,5,0.07,0.22,5,21.1,27.1,6.6,1.2,5,0,6.2,0.09,0.28,41.6,0,0,2,36,5,0,16,9,1,0,57,0,1,0,186,8,"Undisclosed, Flu, Upper body",0.925,0.925,0.925,90,0,5.4
39,1994-09-16,Longueuil,QC,CAN,CAN,77,214,L,2013,1,20,Y,21,Anthony,Mantha,DET,DET,RW/LW,10, , ,10,2,1,0,3,-6,18,6,5,11.10%,6.90%,7020,11.7,157,15.7,44.7,0,0,0,0,0.00%,,,,0,,0,6,4,3,6,2,4,3.1,2.1,1.5,3.1,1,2.1,2,1,0,0,0,0,9,-1.1,,, ,,0,0,1,0,0,0,0,0,0,0,2,0,0,0%,0.2,-0.1,0.1,0.01,0.05,2,5.2,3.6,-5.2,-0.9,-0.3,0,-1.2,-0.12,-0.62,30.7,0,2,1,3,2,0,3,5,0,0,8,0,0,0,27,0,,0.925,0.894,0.125,0,0,-1.3
63,1988-05-11,Halifax,NS,CAN,CAN,69,181,L,2006,3,71,,27,Brad,Marchand,BOS,BOS,LW,77, , ,77,37,24,15,61,21,250,71,74,14.80%,9.40%,85933,18.6,1934,25.1,44.4,162,6.8,21,35,37.50%,,,37,12,19,9,111,65,35,71,69,43,4.7,2.7,1.5,3,2.9,1.8,90,30,2,1,1,0,192,0.4,3,0,0%,0,10,2,6,5,9,0,0,5,2,1,20,2,2,100%,7.1,2.4,9.4,0.12,0.39,7,30.7,32.2,18.2,14.2,5.1,-0.6,18.7,0.24,0.78,32.7,0,4,6,61,34,4,4,26,10,6,166,6,6,4,186,2,Concussion,4.5,4.5,4.5,110,0,10.3
47,1992-01-02,Moscow,,RUS,RUS,75,210,R,2011,7,205,Y,24,Alexey,Marchenko,DET,DET,D,65, , ,66,2,9,5,11,-5,40,28,39,5.00%,1.90%,66651,16.8,1621,24.6,41.1,68,3.7,0,0,0.00%,,,,0,,0,90,47,100,28,33,7,4.9,2.5,5.4,1.5,1.8,0.4,10,5,0,0,0,0,157,8.1,,, ,,0,0,0,0,0,0,0,0,0,0,2,0,0,0%,0.1,2.2,2.3,0.03,0.12,4,18,24.2,-3.9,0.1,2.3,0,2.4,0.04,0.13,53.8,0,1,1,26,1,0,20,6,0,0,13,0,0,0,178,0,,0.7,0.667,0.729,0,0.25,2
81,1990-12-27,Cap-Rouge,QC,CAN,CAN,69,174,R,,,,Y,25,Jonathan,Marchessault,TBL,TBL,C/N,44, , ,45,7,11,3,18,-10,81,29,24,8.60%,5.20%,32641,12.1,694,15.4,47,43,4.7,38,41,48.10%,,,53,25,26,13,54,61,9,29,12,10,6,6.7,1,3.2,1.3,1.1,17,6,1,0,0,0,88,9,2,1,50%,0,1,0,1,0,0,0,1,1,1,0,4,0,0,0%,1.4,0.2,1.6,0.04,0.18,4,15.4,10.2,-9,0.9,-0.4,0.2,0.8,0.02,0.09,28.5,0,1,6,22,9,0,9,12,5,1,45,0,1,0,150,0,,0.6,0.6,0.484,0,0,0.7
52,1992-02-18,Kosice,,SVK,SVK,76,201,L,2010,2,46,,23,Martin,Marincin,TOR,TOR,D,64, , ,65,1,6,3,7,-3,55,34,91,1.80%,0.60%,65400,16.8,1466,22.6,44.6,44,2.4,0,0,0.00%,,,,0,,0,81,37,63,34,41,25,4.5,2,3.5,1.9,2.3,1.4,34,16,0,0,0,0,134,-4.2,,, ,,0,0,0,0,0,0,0,1,0,0,0,0,0,0%,-0.5,2.3,1.8,0.03,0.1,3,17.9,26.6,1.9,-1.6,3.6,0,2,0.03,0.11,58.2,0,0,4,30,2,0,21,4,0,0,28,0,0,0,186,1,Illness,0.7,0.7,0.7,9,0,1.7
79,1978-12-20,Voskresensk,,RUS,RUS,72,194,L,1998,6,162,,37,Andrei,Markov,MTL,MTL,D,82, , ,82,5,39,23,44,-6,117,58,112,4.30%,1.70%,117272,23.8,2249,27.4,52.1,237,7.3,0,0,0.00%,,,,0,,0,87,57,142,58,93,38,2.7,1.7,4.4,1.8,2.9,1.2,38,14,0,1,0,0,237,2.5,,, ,,1,0,0,0,0,0,3,0,0,0,2,0,0,0%,3,3.7,6.7,0.08,0.21,6,47.4,41.6,2.8,4.8,3.8,0,8.5,0.1,0.26,48.8,0,2,1,55,4,1,48,4,4,0,56,1,0,1,186,0,,6,5.75,5.75,0,0,-2.6
12,1979-09-15,Aneroid,SK,CAN,CAN,74,220,L,1997,1,2,,36,Patrick,Marleau,SJS,SJS,LW/RW,82, , ,82,25,23,13,48,-22,216,81,60,11.60%,7.00%,93620,19,2003,24.4,46.7,148,5.7,267,258,50.90%,9,4,330,166,195,101,88,64,36,81,71,46,3.4,2.5,1.4,3.1,2.7,1.8,10,5,0,0,0,0,110,1.9,1,0,0%,0,5,1,5,1,3,1,2,4,2,1,12,0,1,100%,3.8,0.9,4.7,0.06,0.18,5,36.1,33.4,-22,4.9,1.7,-0.2,6.5,0.08,0.25,26.1,0,5,5,71,17,8,22,30,13,7,119,2,3,2,186,0,,6.5,6.667,6.667,0,0,-6.5
19,1988-04-23,St. Louis,MO,USA,USA,75,230,L,2007,6,161,,27,Patrick,Maroon,EDM,"ANA, EDM",LW,56,16, ,72,12,15,7,27,-7,104,34,30,11.50%,7.10%,53302,12.3,1190,16.5,44.8,85,5.7,17,36,32.10%,,,34,11,19,6,96,151,10,34,30,10,6.5,10.2,0.7,2.3,2,0.7,88,19,8,1,0,0,257,-4.8,1,0,0%,0,2,0,1,0,0,0,0,4,3,0,5,0,0,0%,1.9,0.9,2.8,0.04,0.19,1,20.8,17.3,-2.9,2.2,1,-0.2,2.9,0.04,0.2,25,0,1,7,26,8,0,9,18,10,2,57,2,2,0,227,1,Illness,1.9,2,2,18,0,0.1
17,1989-05-08,Windsor,ON,CAN,CAN,75,220,L,2008,5,148,,26,Matt,Martin,NYI,NYI,LW/RW,79, , ,80,10,9,7,19,2,86,31,25,11.60%,7.00%,50671,10.6,1244,15.6,40.7,63,4.5,1,3,25.00%,,,2,1,2,0,114,365,24,31,15,8,8.1,25.9,1.7,2.2,1.1,0.6,119,27,11,1,0,0,519,-8.5,,, ,,3,0,1,1,0,0,0,1,4,0,5,0,0,0%,0.9,1,1.9,0.02,0.13,3,17.6,17,-1.3,0.6,1.5,0,2.1,0.03,0.15,28.1,0,0,4,27,3,1,1,19,12,0,50,0,0,1,186,2,Upper body,1.3,1,1,24,0,1.1
7,1981-03-05,Minneapolis,MN,USA,USA,73,200,L,2000,2,62,,34,Paul,Martin,SJS,SJS,D,78, , ,78,3,17,7,20,13,49,21,52,6.10%,2.50%,97006,20.7,1945,24.9,49.9,90,3.3,0,0,0.00%,,,,0,,0,113,54,123,21,50,26,4.2,2,4.6,0.8,1.9,1,22,11,0,0,0,0,199,2.1,,, ,,0,0,0,1,0,0,2,0,0,0,1,0,0,0%,0.5,4.6,5.1,0.07,0.19,5,27.4,36.2,7,1.1,6.8,0,7.9,0.1,0.29,52.9,0,0,3,18,3,0,20,5,0,0,21,0,2,1,186,4,"Undisclosed, Lower body",5.75,4.85,4.85,237,0,-1.2
27,1987-07-26,Rochester Hills,MI,USA,USA,73,210,L,2007,4,95,,28,Alec,Martinez,LAK,LAK,D,77, , ,78,10,21,13,31,16,124,73,116,8.10%,3.20%,98985,21.2,2278,29.2,43.5,108,3.9,0,0,0.00%,,,,0,,0,137,164,182,73,60,8,5,6,6.6,2.7,2.2,0.3,40,20,0,0,0,0,386,-0.7,,, ,,0,1,4,0,1,0,6,2,0,0,1,0,0,0%,2.6,5,7.6,0.1,0.28,7,38.5,36.1,7.1,3.5,5.7,0,9.2,0.12,0.33,48.6,0,1,3,69,1,0,54,18,1,0,50,0,4,1,186,4,Undisclosed,3.9,4,4,195,0,1.9
48,1992-07-25,Brandon,MB,CAN,CAN,72,202,L,2012,2,58,Y,23,Jordan,Martinook,ARI,ARI,LW/C,80, , ,81,9,15,12,24,-9,109,53,45,8.30%,4.30%,73827,15.2,1705,21,43.3,179,8.7,18,15,54.50%,,,21,10,12,8,105,52,40,53,12,52,5.1,2.5,2,2.6,0.6,2.5,18,9,0,0,0,0,110,1.6,,, ,,2,0,2,1,2,0,0,0,1,1,5,0,0,0%,0.3,1,1.3,0.02,0.06,4,20.1,26.5,-8.4,1.1,2,0,3.2,0.04,0.16,27.3,1,3,6,43,19,2,7,6,6,2,67,1,1,1,186,1,Lower body,0.6,0.613,0.613,7,0,3.1
27,1990-06-13,BÃ¦rum,,NOR,NOR,75,220,L,,,,Y,25,Andreas,Martinsen,COL,COL,LW,55, , ,55,4,7,4,11,-4,52,23,15,7.70%,4.40%,36621,11.1,829,15.1,44.2,44,4.3,1,3,25.00%,,,3,1,1,0,70,155,27,23,5,11,6.9,15.2,2.7,2.3,0.5,1.1,47,11,3,0,1,0,232,-0.1,,, ,,0,0,1,0,2,0,0,0,1,0,1,0,0,0%,0,0.5,0.5,0.01,0.05,3,11.1,11.2,-1.8,-0.5,0.8,0,0.4,0.01,0.04,36.9,0,1,4,18,4,0,3,6,1,1,37,0,0,0,150,0,,0.743,0.743,0.599,0,0,0.1
53,1988-09-20,Bradford,ON,CAN,CAN,76,212,L,,,,,27,Brandon,Mashinter,CHI,CHI,LW,41, , ,41,4,1,0,5,-7,25,7,8,16.00%,10.00%,18431,7.5,509,12.4,36.2,0,0,0,0,0.00%,,,,0,,0,39,62,3,7,7,6,7.6,12.1,0.6,1.4,1.4,1.2,23,4,3,0,0,0,91,-1.6,,, ,,2,0,0,0,1,1,0,0,0,0,2,0,0,0%,0.2,0,0.2,0,0.04,2,6.3,6.2,-7.3,-0.4,0,0,-0.4,-0.01,-0.08,28,0,0,0,7,2,1,1,1,0,2,18,0,0,0,151,0,,0.575,0.562,0.457,0,0,-0.4
56,1994-02-27,Pointe-Claire,QC,CAN,CAN,74,192,L,2012,1,23,Y,21,Michael,Matheson,FLA,FLA,D,3, , ,3,0,0,0,0,1,4,1,3,0.00%,0.00%,3156,17.5,63,21,50.1,0,0,0,0,0.00%,,,,0,,0,0,1,1,1,1,1,0,1.1,1.1,1.1,1.1,1.1,2,1,0,0,0,0,4,0.2,,, ,,0,0,0,0,0,0,0,0,0,0,0,0,0,0%,-0.1,0.2,0.1,0.03,0.11,3,0.4,0.4,0.9,-0.1,0.2,0,0.1,0.03,0.11,49.8,0,0,1,0,0,0,1,2,0,0,1,0,0,0,12,0,,0.925,0.925,0.06,0,0,0
21,1994-02-23,Chicago,IL,USA,USA,74,220,L,2012,1,29,,21,Stefan,Matteau,MTL,"NJD, MTL",C/LW,20,12, ,32,1,1,0,2,-13,27,11,15,3.70%,1.90%,19743,10.3,483,15.1,40.9,0,0,0,0,0.00%,,,,0,,0,49,67,7,11,9,2,8.9,12.2,1.3,2,1.6,0.4,17,6,1,0,0,0,92,0.5,,, ,,1,0,0,0,1,0,0,0,0,0,0,0,0,0%,-0.6,-0.1,-0.7,-0.02,-0.13,2,6.6,6.4,-11.9,-2.1,-0.4,0,-2.5,-0.08,-0.46,33.6,0,0,0,11,2,2,1,7,0,0,15,0,0,0,186,11,"Facial, Illness, Lower body",0.575,0.613,0.612,82,0,-2.6
18,1988-02-19,Mississauga,ON,CAN,CAN,76,231,L,2006,2,47,,27,Shawn,Matthias,COL,"TOR, COL",C/LW,51,20, ,71,12,16,8,28,-17,101,34,25,11.90%,7.50%,57565,13.5,1412,19.9,40.8,109,6.8,9,15,37.50%,,,10,3,14,6,82,68,39,34,12,34,5.1,4.3,2.4,2.1,0.8,2.1,20,10,0,0,0,0,127,-4.9,,, ,,2,0,2,0,1,0,0,3,1,0,7,0,0,0%,1.8,0.4,2.2,0.03,0.14,2,21.6,24.6,-11.6,2,1.6,0,3.7,0.05,0.23,24.7,0,1,4,29,15,2,2,19,9,3,51,0,1,2,186,6,"Neck, Shoulder",2.3,2.3,2.379,168,0,-0.2
42,1992-10-14,St. Louis,MO,USA,USA,76,224,R,2011,2,34,Y,23,Scott,Mayfield,NYI,NYI,D,6, , ,6,1,0,0,1,-4,4,2,6,25.00%,8.30%,6159,17.1,119,19.8,51.8,0,0,0,0,0.00%,,,,0,,0,5,12,15,2,3,0,2.9,7,8.8,1.2,1.8,0,11,3,1,0,0,0,39,0.4,,, ,,1,0,0,0,0,0,1,0,0,0,0,0,0,0%,0.1,-0.1,0,0,0,4,2.2,2.4,-4.2,0,-0.4,0,-0.4,-0.07,-0.23,53.8,0,0,0,2,0,0,2,0,0,0,2,0,0,0,28,0,,0.925,0.925,0.267,0,0.85,-0.8
5,1988-02-25,Edina,MN,USA,USA,73,193,R,2006,2,63,,27,Jamie,McBain,LAK,LAK,D,43, , ,44,2,7,3,9,2,32,19,27,6.30%,2.60%,32304,12.2,768,17.5,42.1,11,1.2,0,0,0.00%,,,,0,,0,60,20,38,19,13,2,6.7,2.2,4.2,2.1,1.4,0.2,6,3,0,0,0,0,64,1.5,,, ,,1,0,0,0,0,0,2,0,0,0,0,0,0,0%,0.6,1.4,1.9,0.04,0.21,1,12.8,10.4,-0.1,0.5,1.1,0,1.6,0.04,0.18,51.6,0,0,1,18,0,0,18,0,1,0,13,0,0,1,171,0,,0.6,0.6,0.552,0,0,1.5
29,1993-10-12,Eau Claire,WI,USA,USA,72,214,L,2012,2,44,Y,22,Jake,McCabe,BUF,BUF,D,77, , ,77,4,10,7,14,6,62,32,52,6.50%,2.70%,88323,19.1,2019,26.2,43.7,77,3.1,0,2,0.00%,,,2,0,,0,146,114,109,32,34,17,6,4.6,4.4,1.3,1.4,0.7,51,12,1,1,1,0,275,7.9,,, ,,0,0,0,0,1,0,1,1,0,0,1,0,0,0%,0.2,4.3,4.5,0.06,0.18,4,24.2,30.2,8.7,0.1,4.8,0,4.9,0.06,0.2,55.1,0,2,7,23,2,0,14,12,0,0,34,0,0,0,184,0,,0.925,0.925,0.915,0,0,4.1
91,1996-05-31,Stratford,ON,CAN,CAN,72,179,L,2014,1,24,Y,19,Jared,McCann,VAN,VAN,C,69, , ,69,9,9,4,18,-6,106,36,57,8.50%,4.50%,51841,12.5,1250,18.1,41.5,45,3.1,181,341,34.70%,4,2,347,115,175,66,41,45,19,36,26,30,2.8,3.1,1.3,2.5,1.8,2.1,32,15,0,0,0,0,96,2,3,2,67%,0,3,0,1,0,0,1,0,2,0,0,6,0,0,0%,0.6,0.9,1.5,0.02,0.1,2,16.1,15.1,0.3,0.6,1.1,0.7,2.5,0.04,0.17,32.2,1,2,5,28,12,4,8,15,5,1,61,1,0,1,186,2,Undisclosed,0.925,0.894,1.107,27,0.213,1.3
34,1995-03-07,Grosse Pointe,MI,USA,USA,78,231,R,2013,1,25,Y,20,Michael,McCarron,MTL,MTL,RW,20, , ,20,1,1,1,2,-10,41,8,7,2.40%,1.80%,14018,11.7,354,17.7,39.6,22,5.6,85,84,50.30%,3,0,107,53,62,32,25,49,8,8,7,4,6.4,12.6,2.1,2.1,1.8,1,37,6,3,1,0,0,97,-3.2,,, ,,0,0,0,0,0,0,0,0,1,0,0,0,0,0%,-0.3,-0.2,-0.5,-0.03,-0.13,3,4.5,4.5,-9.4,-1.2,-0.5,0,-1.7,-0.09,-0.44,26.5,0,0,1,7,4,0,2,2,4,1,28,0,0,0,41,0,,0.925,0.863,0.237,0,0.213,-1.9
17,1986-08-09,Boston,MA,USA,USA,73,195,L,2006,7,202,,29,John,McCarthy,SJS,SJS,C/LW,1, , ,1,0,0,0,0,0,0,0,0,0.00%,0.00%,425,7.1,12,12,35.4,0,0,0,1,0.00%,,,,0,1,0,2,0,1,0,1,0,16.9,0,8.5,0,8.5,0,0,0,0,0,0,0,1,0,,, ,,0,0,0,0,0,0,0,0,0,0,0,0,0,0%,0,0,0,0,0,1,0.1,0.1,0,0,0,0,0,0,0,0,0,0,0,0,0,0,0,0,0,0,0,0,0,0,3,0,,0.6,0.6,0.01,0,0,0
18,1983-03-02,Kingston,ON,CAN,CAN,73,205,L,2001,2,57,,32,Jay,McClement,CAR,CAR,C,76, , ,77,3,8,7,11,-17,64,23,20,4.70%,2.80%,53609,11.6,1319,17.1,40.6,121,8.1,375,303,55.30%,,,445,248,233,127,71,79,31,23,21,32,4.8,5.3,2.1,1.5,1.4,2.1,24,12,0,0,0,0,134,-7.4,,, ,,0,0,0,0,1,0,0,1,0,0,1,0,0,0%,-0.9,0.5,-0.4,-0.01,-0.03,4,16.4,24.5,-14.7,-3,4.1,0,1.1,0.01,0.07,21.4,0,1,0,22,13,6,7,12,2,2,22,0,0,1,186,4,"Upper body, Illness",1.3,1.2,1.2,59,0,-0.3
89,1992-05-01,De Pere,WI,USA,USA,71,188,L,2011,6,171,Y,23,Max,McCormick,OTT,OTT,RW/LW,20, , ,20,2,2,0,4,-4,37,8,9,5.40%,3.70%,12550,10.5,295,14.8,42.5,0,0,39,37,51.30%,,,51,22,25,17,19,46,11,8,5,8,5.5,13.2,3.2,2.3,1.4,2.3,37,6,5,0,0,0,99,-4.4,,, ,,1,0,0,0,0,0,1,0,0,0,1,0,0,0%,0.1,0,0.1,0.01,0.03,2,3.8,4,-4.1,0.1,-0.1,0,0.1,0.01,0.03,37.9,0,0,0,8,2,0,3,9,1,0,22,0,1,0,44,0,,0.655,0.642,0.202,0,0.225,-0.1
97,1997-01-13,Richmond Hill,ON,CAN,CAN,73,190,L,2015,1,1,Y,19,Connor,McDavid,EDM,EDM,C,44, , ,45,16,32,16,48,-1,105,32,19,15.20%,10.30%,50989,18.9,1030,22.9,49.5,129,9.1,249,355,41.20%,11,6,363,152,241,97,49,12,10,32,17,33,3.5,0.8,0.7,2.3,1.2,2.3,18,9,0,0,0,0,40,7.4,2,0,0%,0,2,1,5,0,2,0,0,2,1,0,11,0,0,0%,4.8,1,5.8,0.13,0.41,5,24.3,19.9,8.9,8.7,1.9,-0.4,10.2,0.23,0.72,19.6,0,2,3,27,18,1,0,15,3,1,67,4,3,2,186,37,Collarbone,0.925,0.925,3.775,1703,2.85,3.3
27,1989-06-13,St. Paul,MN,USA,USA,73,216,L,2007,1,12,,26,Ryan,McDonagh,NYR,NYR,D,73, , ,73,9,25,16,34,26,113,62,87,8.00%,3.40%,97903,22.4,2115,29,46.3,139,5.1,1,0,100.00%,,,,0,1,1,101,98,138,62,67,31,3.7,3.6,5.1,2.3,2.5,1.1,22,11,0,0,0,0,258,9.1,,, ,,2,0,0,0,1,1,2,3,0,1,1,0,0,0%,2.9,5,7.8,0.11,0.29,7,37.6,40.5,16.5,4.9,6.2,0,11.1,0.15,0.41,46.9,0,2,6,54,5,1,41,20,1,1,44,1,2,5,186,9,"Hand, Jaw, Concussion",4.5,4.7,4.7,516,0,2.3
36,1984-09-30,Wethersfield,CT,USA,USA,74,219,R,2003,2,51,,31,Colin,McDonald,PHI,PHI,RW,5, , ,5,1,0,0,1,0,4,2,0,25.00%,16.70%,2443,8.1,60,12,40.7,0,0,0,0,0.00%,,,,0,,0,7,16,1,2,0,0,10.3,23.6,1.5,2.9,0,0,7,1,1,0,0,0,25,-1.1,,, ,,0,0,0,0,0,0,0,0,0,0,1,0,0,0%,0.1,0,0.2,0.04,0.29,1,0.7,0.7,0,0.2,0.1,0,0.3,0.06,0.44,40,0,0,0,2,0,1,0,0,0,0,3,0,0,0,11,0,,0.625,0.625,0.037,0,0,0.3
45,1992-04-02,Richmond Hill,ON,CAN,CAN,72,211,R,2010,2,33,Y,23,John,McFarland,FLA,FLA,LW/RW,3, , ,3,0,0,0,0,-1,2,2,0,0.00%,0.00%,1784,9.9,49,16.3,36.4,0,0,0,0,0.00%,,,,0,,0,5,5,3,2,1,0,10.1,10.1,6.1,4,2,0,0,0,0,0,0,0,8,0,,, ,,0,0,0,0,0,0,0,0,0,0,0,0,0,0%,-0.1,0,-0.1,-0.03,-0.2,3,0.4,0.4,-1.1,-0.2,-0.1,0,-0.2,-0.07,-0.4,28,0,0,0,2,0,0,0,0,0,0,2,0,0,0,7,0,,0.851,0.851,0.032,0,0,-0.2
23,1994-02-02,Fergus,ON,CAN,CAN,72,185,L,2012,2,47,Y,22,Brock,McGinn,CAR,CAR,LW,21, , ,21,3,1,0,4,-14,25,7,3,12.00%,8.60%,14092,11.2,334,15.9,42.2,0,0,0,1,0.00%,,,1,0,,0,23,28,6,7,4,4,5.9,7.2,1.5,1.8,1,1,10,5,0,0,0,0,44,-2.4,,, ,,1,0,0,0,0,0,0,2,0,0,1,0,0,0%,0.1,-0.3,-0.1,0,-0.03,2,6.5,6.5,-12,-1,-0.5,0,-1.5,-0.07,-0.38,31.6,0,1,2,4,2,0,2,9,0,0,12,0,1,0,49,0,,0.843,0.812,0.236,0,0.083,-1.7
88,1988-08-05,Fergus,ON,CAN,CAN,73,205,L,2006,2,36,,27,Jamie,McGinn,ANA,"BUF, ANA",LW/RW,63,21, ,84,22,17,8,39,-7,156,58,30,14.10%,9.00%,72035,14.3,1545,18.4,46.6,97,4.8,4,3,57.10%,,,6,4,1,0,69,164,27,58,19,18,3.4,8.2,1.3,2.9,0.9,0.9,33,9,1,1,0,0,225,-1.6,,, ,,7,0,5,0,5,2,2,3,6,0,4,0,0,0%,3.6,1.3,5,0.06,0.25,4,30.7,24.2,0.2,4.2,1.7,0,5.8,0.07,0.29,26.7,0,1,6,51,19,4,16,22,20,2,73,1,3,3,186,0,,3,2.95,2.95,0,0,0.7
44,1990-07-29,Fergus,ON,CAN,CAN,75,205,L,2010,4,119,,25,Tye,McGinn,TBL,TBL,LW,2, , ,2,0,0,0,0,0,1,1,0,0.00%,0.00%,1025,8.5,24,12,42.7,0,0,0,0,0.00%,,,,0,,0,3,0,0,1,0,1,10.5,0,0,3.5,0,3.5,0,0,0,0,0,0,0,0,,, ,,0,0,0,0,0,0,0,0,0,0,0,0,0,0%,0,0,0,0,0,1,0.1,0.1,0,-0.1,0,0,0,0,0,34,0,0,0,1,0,0,0,0,0,0,1,0,0,0,5,0,,0.625,0.625,0.017,0,0,0
6,1992-04-20,Winnipeg,MB,CAN,CAN,77,220,R,2010,1,10,Y,23,Dylan,McIlrath,NYR,NYR,D,33, , ,34,2,2,1,4,7,28,18,23,7.10%,2.90%,28813,14.1,702,20.6,41,12,1.5,0,0,0.00%,,,,0,,0,50,93,35,18,12,9,6.2,11.6,4.4,2.2,1.5,1.1,64,17,4,1,0,0,196,-7,,, ,,1,0,0,0,0,0,1,1,0,0,0,0,0,0%,0.1,1.4,1.5,0.04,0.19,1,7.5,10.3,4.5,0,1.7,0,1.7,0.05,0.21,53.5,0,0,3,15,0,0,17,3,0,0,7,0,0,1,186,10,Knee,0.6,0.6,0.6,73,0,1.6
41,1992-06-17,St. Thomas,ON,CAN,CAN,72,191,L,2010,3,62,Y,23,Greg,McKegg,FLA,FLA,C,15, , ,15,2,0,0,2,1,14,4,5,14.30%,8.70%,7432,8.3,184,12.3,40.4,0,0,50,61,45.00%,,,70,31,41,19,11,20,6,4,1,4,5.3,9.7,2.9,1.9,0.5,1.9,2,1,0,0,0,0,28,-0.3,,, ,,0,0,0,0,1,0,0,0,1,0,0,0,0,0%,0.1,0.2,0.3,0.02,0.15,2,1.9,2.1,0.4,0.2,0.3,0,0.6,0.04,0.29,24.9,0,1,0,3,1,0,0,1,2,2,8,0,0,0,41,0,,0.7,0.7,0.154,0,0,0.5
11,1991-02-22,Golden,BC,CAN,CAN,74,205,L,2009,6,159,,24,Curtis,McKenzie,DAL,DAL,LW,3, , ,3,0,0,0,0,-1,3,1,1,0.00%,0.00%,1584,8.8,38,12.7,41.7,0,0,0,0,0.00%,,,,0,,0,4,4,1,1,0,1,9.1,9.1,2.3,2.3,0,2.3,0,0,0,0,0,0,5,1.9,,, ,,0,0,0,0,0,0,0,0,0,0,0,0,0,0%,-0.1,0,-0.1,-0.03,-0.23,4,0.3,0.3,-1.1,-0.2,-0.1,0,-0.2,-0.07,-0.45,21.7,0,0,0,1,0,0,0,1,1,0,1,0,0,0,40,14,Lower body,0.65,0.675,0.145,115,0,-0.3
55,1984-06-26,Binscarth,MB,CAN,CAN,74,210,L,,,,,31,Cody,McLeod,COL,COL,LW/RW,82, , ,82,8,5,2,13,1,73,20,14,11.00%,7.50%,51854,10.5,1229,15,42.2,28,1.9,1,0,100.00%,,,1,1,,0,69,240,28,20,2,6,4.8,16.7,1.9,1.4,0.1,0.4,138,23,12,2,1,0,418,-8.8,,, ,,0,0,1,0,1,1,0,0,0,0,6,0,0,0%,-0.1,1.1,1,0.01,0.07,3,14.7,16.4,3,-0.7,2,0,1.3,0.02,0.09,28.3,0,1,2,17,12,5,6,2,4,5,39,1,0,0,186,0,,1.5,1.333,1.333,0,0,-0.4
3,1991-01-21,Davidson,SK,CAN,CAN,76,216,L,2009,3,66,,25,Brayden,McNabb,LAK,LAK,D,80, , ,81,2,12,6,14,11,91,54,82,2.20%,0.90%,91441,18.8,2111,26.1,43.3,78,3.1,0,0,0.00%,,,,0,,0,153,206,95,54,56,19,6,8.1,3.7,2.1,2.2,0.7,92,31,4,0,1,0,397,-9,,, ,,0,0,1,0,0,0,2,0,0,0,0,0,0,0%,-0.1,4.3,4.2,0.05,0.17,4,23.2,31,3.5,-0.3,5.2,0,4.9,0.06,0.19,53.8,0,0,1,53,3,0,45,7,0,0,36,1,1,1,186,0,,0.675,0.65,0.65,0,0,4.7
41,1993-02-22,Langley,BC,CAN,CAN,74,214,R,2011,1,18,Y,22,Mark,McNeill,CHI,CHI,RW/C,1, , ,1,0,0,0,0,0,0,0,1,0.00%,0.00%,764,12.7,19,19,40.2,0,0,0,1,0.00%,,,1,0,,0,0,3,0,0,0,1,0,14.1,0,0,0,4.7,0,0,0,0,0,0,3,0,,, ,,0,0,0,0,0,0,0,0,0,0,0,0,0,0%,0,0,0,0,0,2,0.1,0.1,0,0,0,0,0,0,0,0,0,0,0,0,0,0,0,0,0,0,0,0,0,0,2,0,,0.833,0.863,0.012,0,0.538,0
54,1986-10-12,Charlottetown,PE,CAN,CAN,76,212,R,2005,2,55,,29,Adam,McQuaid,BOS,BOS,D,64, , ,64,1,8,3,9,6,42,17,48,2.40%,0.90%,69274,18,1631,25.5,42.5,63,3.3,0,0,0.00%,,,,0,,0,92,142,121,17,27,7,4.8,7.4,6.3,0.9,1.4,0.4,89,27,5,1,0,0,357,-7.8,,, ,,0,0,0,0,0,0,0,1,0,0,0,0,0,0%,-0.3,2.6,2.3,0.04,0.12,4,17.3,25.2,2.2,-0.7,3.4,0,2.7,0.04,0.14,54.8,0,0,0,17,1,0,15,6,0,0,20,0,0,1,186,18,Upper body,3,2.75,2.75,604,0,-2
82,1982-08-27,Chelyabinsk,,RUS,RUS,75,187,L,,,,,33,Evgeny,Medvedev,PHI,PHI,D,45, , ,45,4,8,4,12,5,71,44,74,5.60%,2.10%,50837,18.8,1112,24.7,45.7,43,3,0,0,0.00%,,,,0,,0,50,38,34,44,27,13,3.5,2.7,2.4,3.1,1.9,0.9,34,17,0,0,0,0,106,-6.4,1,0,0%,0,0,0,1,0,0,1,1,0,0,0,2,0,0,0%,0.7,2.3,3,0.07,0.21,1,16.6,17.5,4.8,0.9,2.5,-0.2,3.2,0.07,0.23,54.5,0,0,1,43,1,1,38,11,2,0,18,0,2,1,186,5,Upper body,3,3,3,183,0,-2
,1990-02-01,Fort Lauderdale,FL,USA,USA,73,195,R,,,,,26,Jayson,Megna,NYR,NYR,C,6, , ,6,1,1,0,2,-1,9,6,6,11.10%,4.80%,4409,12.2,107,17.8,41.2,0,0,1,0,100.00%,,,1,1,,0,10,6,1,6,2,1,8.2,4.9,0.8,4.9,1.6,0.8,2,1,0,0,0,0,9,-0.1,,, ,,0,0,0,0,0,0,0,0,1,0,0,0,0,0%,0.1,0,0.2,0.03,0.16,3,1.3,1.3,-1.4,0.3,0,0,0.3,0.05,0.24,24.4,0,0,0,6,0,0,1,1,1,0,6,0,0,1,21,0,,0.6,0.6,0.068,0,0,0.3
71,1991-12-06,Richmond Hill,ON,CAN,CAN,77,214,L,2010,3,87,Y,24,Julian,Melchiori,WPG,WPG,D,11, , ,11,0,0,0,0,1,12,4,5,0.00%,0.00%,8973,13.6,196,17.8,45.8,0,0,0,0,0.00%,,,,0,,0,13,18,9,4,5,2,5.2,7.2,3.6,1.6,2,0.8,0,0,0,0,0,0,27,2.6,,, ,,0,0,0,0,0,0,0,0,0,0,0,0,0,0%,-0.2,0.4,0.2,0.02,0.08,2,1.9,2.4,1.1,-0.5,0.4,0,-0.1,-0.01,-0.04,56.5,0,1,0,3,0,0,6,0,0,0,6,0,0,0,23,0,,0.6,0.6,0.074,0,0,-0.1
7,1992-02-03,Oklahoma City,OK,USA,USA,75,205,L,2010,2,38,,24,Jon,Merrill,NJD,NJD,D,46, , ,47,1,4,3,5,-15,30,12,15,3.30%,1.80%,47648,16.9,1067,22.7,44.7,26,2,0,0,0.00%,,,,0,,0,96,48,54,12,17,7,7.3,3.6,4.1,0.9,1.3,0.5,28,14,0,0,0,0,130,-4.8,,, ,,0,0,1,0,0,0,0,0,0,0,1,0,0,0%,-0.3,1,0.7,0.01,0.05,0,16,20.7,-11.2,-1.8,1.7,0,-0.1,0,-0.01,54.7,0,1,1,10,0,0,9,9,0,0,12,1,0,0,186,29,"Upper body, Undisclosed, Arm, Illness",0.84,0.84,0.9,318,0.06,-0.8
49,1992-10-02,Park Ridge,IL,USA,USA,74,218,L,2011,4,110,Y,23,Michael,Mersch,LAK,LAK,LW,17, , ,17,1,2,1,3,1,23,9,1,4.30%,3.00%,10588,10.4,260,15.3,40.7,15,5.1,1,3,25.00%,,,4,1,,0,21,26,10,9,3,3,7.1,8.8,3.4,3.1,1,1,0,0,0,0,0,0,36,1.7,,, ,,0,0,0,0,0,0,0,0,0,0,1,0,0,0%,0,0.2,0.2,0.01,0.07,4,2.8,2.8,0.4,0,0.4,0,0.4,0.02,0.14,30.4,0,1,0,8,2,0,0,1,1,2,17,0,0,0,43,0,,0.792,0.787,0.214,0,0.133,0.2
3,1985-06-21,Ottawa,ON,CAN,CAN,75,228,L,2003,6,168,,30,Marc,Methot,OTT,OTT,D,68, , ,69,5,7,3,12,12,74,22,36,6.80%,3.80%,85525,20.7,1760,25.5,48.6,21,0.9,0,0,0.00%,,,,0,,0,79,124,90,22,49,10,3.3,5.2,3.8,0.9,2.1,0.4,34,17,0,0,0,0,248,-6.7,,, ,,0,0,0,0,1,0,2,0,0,0,2,0,0,0%,0.2,3.1,3.3,0.05,0.14,4,24.2,32.9,4.6,-0.4,2.8,0,2.4,0.03,0.1,54.4,0,1,2,19,5,0,42,6,0,0,21,0,0,1,186,13,"Flu, Lower body, Concussion",4.9,4.9,4.9,777,0,-6.9
18,1984-12-07,Jindrichuv Hradec,,CZE,CZE,74,227,L,2003,1,6,,31,Milan,Michalek,TOR,"OTT, TOR",LW/RW,32,13, ,45,7,9,5,16,0,64,27,28,10.90%,5.90%,43520,16.1,939,20.9,46.3,34,2.8,3,5,37.50%,,,4,1,4,2,49,42,27,27,14,25,4.1,3.5,2.2,2.2,1.2,2.1,18,9,0,0,0,0,87,-0.5,,, ,,1,0,0,0,1,0,0,1,1,0,4,0,0,0%,0.6,0.7,1.3,0.03,0.11,4,16.3,14.3,0.2,-0.3,0.6,0,0.3,0.01,0.02,24.4,0,0,3,24,3,2,3,10,9,0,37,0,1,0,186,40,"Knee, Finger",4,4,4,1951,0,-7
4,1982-12-23,Jindrichuv Hradec,,CZE,CZE,74,210,R,,,,,33,Zbynek,Michalek,ARI,ARI,D,69, , ,70,2,5,1,7,3,69,23,41,2.90%,1.50%,71469,17,1726,24.7,41.4,11,0.6,0,0,0.00%,,,,0,,0,119,84,125,23,27,21,6,4.2,6.3,1.2,1.4,1.1,20,10,0,0,0,0,229,2.9,,, ,,1,0,0,0,0,0,0,0,0,0,2,0,0,0%,-0.5,2.6,2.1,0.03,0.11,4,19.4,27.9,4,-1.7,3.4,0,1.7,0.02,0.09,56.6,0,0,1,22,1,0,25,2,0,0,41,0,1,0,186,9,"Upper body, Undisclosed, Lower body, Illness",3.2,3.2,3.2,351,0,-3.9
22,1996-05-12,Massapequa,NY,USA,USA,73,205,L,2014,1,16,Y,19,Sonny,Milano,CBJ,CBJ,LW,3, , ,3,0,1,1,1,1,2,3,0,0.00%,0.00%,2408,13.4,52,17.3,46.3,8,12,0,0,0.00%,,,,0,,0,8,4,2,3,1,1,12,6,3,4.5,1.5,1.5,0,0,0,0,0,0,6,-0.1,,, ,,0,0,0,0,0,0,0,0,0,0,0,0,0,0%,0,0.1,0.1,0.03,0.15,3,0.7,0.7,1.2,0,0.2,0,0.2,0.07,0.3,29,0,0,0,3,0,0,0,1,0,0,1,0,0,0,6,0,,0.925,0.894,0.042,0,0.4,0.1
58,1988-09-18,Bloomfield Hills,MI,USA,USA,70,181,R,,,,,27,Andrew,Miller,EDM,EDM,RW/C,6, , ,6,0,0,0,0,-1,3,1,0,0.00%,0.00%,3284,9.1,87,14.5,37.7,0,0,13,16,44.80%,,,10,4,19,9,4,4,0,1,0,1,4.4,4.4,0,1.1,0,1.1,0,0,0,0,0,0,4,0.9,,, ,,0,0,0,0,0,0,0,0,0,0,0,0,0,0%,-0.2,0,-0.1,-0.02,-0.11,1,0.9,0.9,-0.7,-0.4,0,0,-0.4,-0.07,-0.44,20.7,0,0,0,1,0,0,2,0,0,0,1,0,0,0,20,0,,0.63,0.63,0.068,0,0,-0.4
48,1992-10-29,Sault Ste. Marie,ON,CAN,CAN,73,196,R,2012,5,151,Y,23,Colin,Miller,BOS,BOS,D,42, , ,42,3,13,6,16,0,59,29,52,5.10%,2.10%,39803,15.8,865,20.6,46,49,4.4,0,0,0.00%,,,,0,,0,52,45,36,29,20,6,4.7,4.1,3.3,2.6,1.8,0.5,39,12,1,1,0,0,121,-3,,, ,,0,0,0,0,0,0,3,0,0,0,0,0,0,0%,1.3,1.2,2.5,0.06,0.23,1,15.3,13,0.8,2.6,0.7,0,3.3,0.08,0.3,53.5,0,1,1,27,0,1,24,10,0,0,24,0,0,1,135,1,Lower body,0.62,0.603,0.437,7,0,3.2
20,1984-02-17,Dover,NJ,USA,USA,74,180,L,2003,6,186,,31,Drew,Miller,DET,DET,LW/RW,28, , ,28,1,1,1,2,-5,27,11,6,3.70%,2.30%,21794,13,527,18.8,41.4,0,0,1,1,50.00%,,,1,1,1,0,32,39,33,11,6,8,5.3,6.4,5.5,1.8,1,1.3,2,1,0,0,0,0,74,-1.2,,, ,,0,0,0,0,0,0,0,0,0,0,1,0,0,0%,-0.7,0.2,-0.5,-0.02,-0.08,4,5.4,8.1,-5,-1.5,0.9,0,-0.7,-0.03,-0.12,29.9,0,0,0,11,1,0,0,7,0,0,19,0,0,1,186,54,"Knee, Jaw",1.35,1.35,1.35,889,0,-2.4
10,1993-03-14,East Palestine,OH,USA,USA,73,205,L,2011,1,15,,22,J.T.,Miller,NYR,NYR,C,81, , ,82,22,21,12,43,10,135,51,67,16.30%,8.70%,73971,15,1675,20.4,44.2,119,5.8,68,89,43.30%,,,105,47,49,19,127,174,48,51,61,40,6.2,8.5,2.3,2.5,3,1.9,46,13,2,0,0,1,270,-2.3,,, ,,4,1,5,1,2,1,1,5,2,1,10,0,0,0%,4,1.5,5.5,0.07,0.27,4,25.9,23.4,3.6,7.7,2.7,0,10.4,0.13,0.51,28.7,0,2,5,44,12,2,27,36,14,4,40,2,2,4,186,0,,0.874,0.874,0.874,0,0,9.7
86,1987-11-15,Los Angeles,CA,USA,USA,74,210,R,,,,,28,Kevan,Miller,BOS,BOS,D,71, , ,71,5,13,6,18,15,64,36,45,7.80%,3.40%,81190,19.1,1849,26,43.9,69,3.1,0,0,0.00%,,,,0,,0,194,164,123,36,33,12,8.6,7.3,5.5,1.6,1.5,0.5,53,14,3,1,0,0,343,-0.2,,, ,,3,0,0,0,0,0,1,1,1,0,2,0,0,0%,0.9,3.7,4.6,0.06,0.2,6,23.4,33.2,10.6,1.7,5.6,0,7.3,0.1,0.32,50.2,0,2,2,32,0,0,21,7,1,1,34,0,0,0,186,9,"Leg, Upper body",0.85,0.8,0.8,88,0,6.8
7,1985-01-22,Oakville,ON,CAN,CAN,73,204,L,2003,5,158,,31,John,Mitchell,COL,COL,C,71, , ,71,10,11,4,21,-7,101,30,34,9.90%,6.10%,64947,15.2,1469,20.7,44.2,46,2.5,415,434,48.90%,10,4,541,273,308,142,64,85,65,30,17,33,3.5,4.7,3.6,1.7,0.9,1.8,52,21,0,1,0,0,202,-7.5,,, ,,0,1,3,1,1,0,0,0,0,0,9,0,0,0%,0.4,1,1.4,0.02,0.08,4,17.6,22.2,-5.3,1.1,2.1,0,3.2,0.05,0.18,31.1,1,2,3,24,8,3,10,11,3,0,66,0,1,0,186,11,Oblique,1.8,1.8,1.8,241,0,0.5
17,1985-01-30,Greenfield Park,QC,CAN,CAN,71,191,R,2004,4,126,,31,Torrey,Mitchell,MTL,MTL,C,71, , ,71,11,8,6,19,2,69,17,16,15.90%,10.80%,54041,12.7,1463,20.6,36.9,51,3.4,370,347,51.60%,11,6,538,278,179,92,100,67,38,17,27,22,6.7,4.5,2.5,1.1,1.8,1.5,51,18,1,0,0,1,157,-9.3,,, ,,1,0,3,0,0,2,1,1,3,0,4,0,0,0%,0.8,1.1,1.9,0.03,0.13,2,13.7,18.1,1.3,2.3,3.1,0,5.3,0.07,0.35,28,0,0,0,17,7,4,10,4,9,2,33,0,0,1,186,11,Lower body,1,1.2,1.2,161,0,3.9
33,1977-04-23,Port McNeill,BC,CAN,CAN,75,210,L,1996,8,199,,38,Willie,Mitchell,FLA,FLA,D,46, , ,46,1,6,1,7,-2,33,17,27,3.00%,1.30%,54994,19.9,1093,23.8,50.3,0,0,0,0,0.00%,,,,0,,0,74,68,70,17,18,6,4.8,4.5,4.6,1.1,1.2,0.4,18,9,0,0,0,0,156,0.2,,, ,,1,0,1,0,0,0,0,1,0,0,0,0,0,0%,-0.2,1.4,1.2,0.03,0.08,5,14.1,22.3,-9.7,-0.6,1.4,0,0.7,0.02,0.05,50,0,1,0,16,0,0,17,5,0,0,11,1,0,1,186,36,Upper body,4.25,4.25,4.25,1866,0,-7.2
27,1982-04-06,Stewart Valley,SK,CAN,CAN,74,215,L,2000,5,155,,33,Travis,Moen,DAL,DAL,LW/RW,23, , ,23,0,2,1,2,-3,12,3,2,0.00%,0.00%,11305,8.2,292,12.7,38.7,1,0.3,4,1,80.00%,,,2,2,3,2,20,30,13,3,4,4,6.4,9.6,4.1,1,1.3,1.3,21,3,1,1,0,0,65,1.6,,, ,,0,0,0,0,0,0,0,0,0,0,0,0,0,0%,-0.3,0,-0.3,-0.01,-0.1,3,2.9,3.6,-3.9,-0.6,0.2,0,-0.4,-0.02,-0.13,27.4,0,1,1,1,4,0,0,1,0,2,5,0,0,0,186,30,"Lower body, Upper body",1.85,1.85,1.85,677,0,-3.2
23,1994-10-12,Brampton,ON,CAN,CAN,75,195,L,2013,1,6,,21,Sean,Monahan,CGY,CGY,C,80, , ,81,27,36,25,63,-6,197,72,67,13.70%,8.00%,93166,19.2,2128,26.3,43.8,181,7,887,852,51.00%,51,21,1110,576,629,311,37,38,37,72,38,55,1.4,1.5,1.4,2.8,1.5,2.1,18,9,0,0,0,0,93,-1,5,1,20%,0,4,1,5,0,2,0,0,1,6,0,18,0,0,0%,5.6,1.3,6.9,0.09,0.27,5,39.1,32.9,6.3,8.4,2.9,-0.4,10.9,0.13,0.42,24.5,0,5,9,58,9,3,3,16,14,1,151,6,1,4,186,0,,0.925,0.925,1.775,0,0.85,8.3
28,1980-08-03,Thornhill,ON,CAN,CAN,72,192,L,2000,3,95,,35,Dominic,Moore,NYR,NYR,C/LW,79, , ,80,6,9,5,15,-2,94,26,30,6.40%,4.00%,63816,13.3,1603,20,39.8,57,3.2,476,385,55.30%,3,2,531,308,326,167,87,51,35,26,36,24,4.9,2.9,2,1.5,2,1.4,32,16,0,0,0,0,118,-3,1,0,0%,0,0,0,2,0,1,0,0,3,1,0,1,0,0,0%,-0.6,0.9,0.3,0,0.02,3,17,23.5,-7.7,-1.2,1.9,-0.2,0.5,0.01,0.03,29,1,2,0,23,18,1,15,13,9,1,37,1,0,0,186,0,,1.5,1.5,1.5,0,0,-1.5
2,1990-11-19,Winnetka,IL,USA,USA,75,210,L,2009,1,21,,25,John,Moore,NJD,NJD,D,72, , ,73,4,15,7,19,-12,106,47,65,3.80%,1.80%,86891,19.8,1918,26.3,45.3,62,2.6,0,0,0.00%,,,,0,,0,93,93,83,47,42,23,3.9,3.9,3.4,1.9,1.7,1,28,13,0,0,0,0,204,-1.5,,, ,,1,3,3,0,0,0,1,0,0,0,3,0,0,0%,0.8,3.2,4,0.05,0.17,3,30.9,32.7,-4.7,0.2,3.9,0,4.1,0.06,0.17,49.6,0,0,2,45,3,0,38,32,0,0,33,2,1,2,186,9,"Knee, Lower body",1.3,1.667,1.667,183,0,1.7
36,1995-03-28,Calgary,AB,CAN,CAN,72,195,L,2013,1,13,Y,20,Joshua,Morrissey,WPG,WPG,D,1, , ,1,0,0,0,0,0,1,0,0,0.00%,0.00%,954,15.9,23,23,41.5,0,0,0,0,0.00%,,,,0,,0,2,1,2,0,1,0,7.5,3.8,7.5,0,3.8,0,0,0,0,0,0,0,3,0.1,,, ,,0,0,0,0,0,0,0,0,0,0,0,0,0,0%,0,0,0,0,0,3,0.1,0.1,0,0,0,0,0,0,0,68,0,0,0,0,0,0,1,0,0,0,0,0,0,0,2,0,,0.925,0.894,0.015,0,0.5,0
45,1992-12-09,Edmonton,AB,CAN,CAN,72,199,L,2011,1,23,Y,23,Joe,Morrow,BOS,BOS,D,33, , ,33,1,6,3,7,-7,44,9,28,2.30%,1.20%,31498,15.9,699,21.2,45.1,24,2.7,0,0,0.00%,,,,0,,0,45,28,35,9,8,9,5.1,3.2,4,1,0.9,1,4,2,0,0,0,0,67,2.3,,, ,,0,0,0,0,0,0,0,0,0,0,1,0,0,0%,0.2,0.4,0.6,0.02,0.07,2,12.6,12.3,-7.8,-0.3,-0.3,0,-0.6,-0.02,-0.07,48.5,0,0,1,8,2,0,11,9,1,0,21,0,0,1,186,3,Illness,0.833,0.863,0.863,32,0,-1.3
22,1987-12-09,Edmonton,AB,CAN,CAN,72,188,L,,,,,28,Kael,Mouillierat,PIT,PIT,LW/C,1, , ,1,0,0,0,0,0,1,0,0,0.00%,0.00%,641,10.7,17,17,37.7,0,0,5,6,45.50%,,,8,4,3,1,1,4,0,0,0,1,5.6,22.5,0,0,0,5.6,2,1,0,0,0,0,6,0,,, ,,0,0,0,0,0,0,0,0,0,0,0,0,0,0%,0,0,0,0,0,2,0.1,0,0,0,0,0,0,0,0,13,0,0,0,0,0,0,0,0,0,0,1,0,0,0,1,0,,0.575,0.575,0.003,0,0,0
26,1983-11-01,North York,ON,CAN,CAN,73,212,L,2003,9,263,,32,Matt,Moulson,BUF,BUF,LW,81, , ,81,8,13,7,21,-5,111,43,28,7.20%,4.40%,57849,11.9,1294,16,44.7,96,6,0,5,0.00%,,,4,0,1,0,42,45,23,43,15,18,2.6,2.8,1.4,2.7,0.9,1.1,16,3,0,1,0,0,84,3.5,3,1,33%,1,2,0,1,0,3,0,0,0,1,0,4,0,0,0%,0.6,1.1,1.7,0.02,0.11,3,20.5,16.1,0.8,-0.1,1.2,0,1.1,0.01,0.07,29,1,0,5,37,11,6,10,15,11,1,57,0,1,0,186,0,,6,5,5,0,0,-8.4
53,1992-12-26,Prague,,CZE,CZE,75,200,R,,,,Y,23,Vojtech,Mozik,NJD,NJD,D,7, , ,7,0,0,0,0,0,6,2,1,0.00%,0.00%,5561,13.2,136,19.4,40.9,0,0,0,0,0.00%,,,,0,,0,6,12,5,2,1,0,3.9,7.8,3.2,1.3,0.6,0,4,2,0,0,0,0,21,-0.6,,, ,,0,0,0,0,0,0,0,0,0,0,0,0,0,0%,-0.1,0.3,0.2,0.03,0.13,1,1.4,1.5,0.3,-0.3,0.2,0,-0.1,-0.01,-0.06,53,0,0,0,2,0,0,4,1,0,0,1,0,0,0,18,0,,0.667,0.68,0.09,0,0.258,-0.2
41,1995-03-21,Winterthur,,CHE,CHE,75,205,L,2013,1,18,,20,Mirco,Mueller,SJS,SJS,D,11, , ,11,0,0,0,0,-4,8,3,8,0.00%,0.00%,6998,10.6,167,15.2,41.9,0,0,0,0,0.00%,,,,0,,0,17,2,3,3,6,1,8.7,1,1.5,1.5,3.1,0.5,7,1,1,0,0,0,13,-0.5,,, ,,0,0,0,0,0,0,0,0,0,0,0,0,0,0%,-0.1,-0.1,-0.2,-0.02,-0.1,0,1.4,1.6,-4.1,-0.3,-0.4,0,-0.7,-0.06,-0.36,44,0,0,1,2,0,0,4,1,0,0,3,0,0,0,68,0,,0.925,0.925,0.482,0,0.425,-1.3
5,1993-03-26,Dublin,OH,USA,USA,76,212,R,2011,1,20,,22,Connor,Murphy,ARI,ARI,D,77, , ,78,6,11,4,17,5,101,51,92,5.90%,2.50%,95985,20.5,2256,28.9,42.5,48,1.8,0,0,0.00%,,,,0,,0,165,175,139,51,29,21,6.2,6.6,5.2,1.9,1.1,0.8,48,24,0,0,0,0,362,-2.9,,, ,,0,0,1,0,0,0,3,0,0,0,3,0,0,0%,0.6,3.6,4.2,0.05,0.16,6,26.8,33,8.1,0.8,4.3,0,5.2,0.07,0.2,50.4,0,3,4,44,6,1,21,11,0,0,62,0,0,1,186,1,Lower body,0.833,0.863,1.076,13,0.213,4.1
7,1993-03-31,Aurora,ON,CAN,CAN,71,185,R,2011,1,12,,22,Ryan,Murphy,CAR,CAR,D,35, , ,35,0,10,5,10,-1,47,18,34,0.00%,0.00%,36232,17.3,751,21.5,48.2,52,5.2,0,0,0.00%,,,,0,,0,40,25,22,18,18,11,4,2.5,2.2,1.8,1.8,1.1,10,5,0,0,0,0,57,3.7,,, ,,0,0,0,0,0,0,0,0,0,0,0,0,0,0%,0.4,1.6,1.9,0.05,0.19,3,12.1,11.2,2.6,0.7,1.4,0,2,0.06,0.2,48,0,0,1,17,0,0,24,5,0,0,18,0,0,1,102,6,"Upper body, Concussion",0.833,0.863,0.72,96,0.45,1.1
27,1993-09-27,Regina,SK,CAN,CAN,73,208,L,2012,1,2,,22,Ryan,Murray,CBJ,CBJ,D,81, , ,82,4,21,8,25,-10,90,34,74,4.40%,2.00%,112403,22.8,2258,27.5,49.8,77,2.5,0,0,0.00%,,,,0,,0,101,51,171,34,39,17,3.2,1.6,5.5,1.1,1.2,0.5,40,20,0,0,0,0,262,-4.8,,, ,,0,0,0,0,0,0,0,2,0,0,2,0,0,0%,0.9,2.9,3.8,0.05,0.12,5,44.1,37.5,1.2,-0.8,1.9,0,1.1,0.01,0.04,48.6,0,0,3,31,1,0,32,26,0,0,31,0,1,3,186,0,,0.833,0.894,3.494,0,2.6,-5.2
6,1989-02-21,Woodstock,ON,CAN,CAN,75,216,L,2007,5,141,,26,Jake,Muzzin,LAK,LAK,D,81, , ,82,8,32,15,40,7,203,94,150,3.90%,1.80%,113460,23.1,2507,30.6,45.3,190,6,0,0,0.00%,,,,0,,0,185,197,135,94,68,13,5.9,6.3,4.3,3,2.2,0.4,64,27,0,0,0,1,396,-8.8,,, ,,2,0,1,0,0,0,2,2,0,0,4,0,0,0%,3,4.8,7.8,0.1,0.25,7,39.2,39.3,-6.3,6.2,4.4,0,10.6,0.13,0.34,50,0,3,8,83,2,0,80,11,0,1,109,2,2,4,186,0,,3,4,4,0,0,3.3
57,1990-02-01,Houston,TX,USA,CAN,80,229,R,2008,1,12,,26,Tyler,Myers,WPG,WPG,D,72, , ,73,9,18,7,27,6,140,55,93,6.40%,3.10%,99068,22.6,1979,27.1,50.1,91,3.3,0,1,0.00%,,,1,0,,0,81,54,95,55,47,45,2.9,2,3.5,2,1.7,1.6,72,20,2,1,1,0,223,-6.7,,, ,,0,0,0,0,0,1,1,1,0,0,6,0,0,0%,2,3.5,5.6,0.08,0.2,6,29.5,33.1,6.7,4.3,4.2,0,8.4,0.12,0.31,42.9,1,2,4,48,11,1,34,23,2,1,68,0,1,3,186,9,Knee,5,5.5,5.5,604,0,-2.1
33,1987-12-30,Hradec KrÃ¡lovÃ©,,CZE,CZE,74,212,,,,,,28,Jakub,Nakladal,CGY,CGY,D,26, , ,27,2,3,1,5,-5,42,17,29,4.80%,2.30%,22988,14.2,506,18.7,45.4,9,1.4,0,0,0.00%,,,,0,,0,34,41,23,17,11,4,5.3,6.4,3.6,2.7,1.7,0.6,6,3,0,0,0,0,70,0.8,,, ,,0,0,0,0,0,0,1,1,0,0,0,0,0,0%,0.3,0.3,0.6,0.02,0.09,2,7.7,7.1,-2.8,0.2,0.1,0,0.3,0.01,0.05,51.1,0,1,0,16,0,1,19,7,0,0,15,0,0,0,75,2,"Undisclosed, Eye",0.818,0.818,0.33,23,0,0.1
90,1992-11-22,Zhukovskiy,,RUS,RUS,71,180,L,2011,1,27,,23,Vladislav,Namestnikov,TBL,TBL,C/LW,79, , ,80,14,21,11,35,17,106,35,36,13.20%,7.90%,67756,14.1,1393,17.4,48.6,117,6.2,175,216,44.80%,3,1,226,99,165,76,108,49,33,35,18,15,5.7,2.6,1.8,1.9,1,0.8,45,15,3,0,0,0,130,2.1,,, ,,1,2,2,0,0,0,0,3,2,0,9,0,0,0%,2.5,2,4.5,0.06,0.24,4,22.7,19.8,14.9,5.1,3.4,0,8.5,0.11,0.45,25.7,0,4,8,23,8,1,5,7,10,3,72,2,1,0,186,2,Upper body,0.874,0.874,0.874,21,0,7.8
61,1984-06-16,Brampton,ON,CAN,CAN,76,220,L,2002,1,1,,31,Rick,Nash,NYR,NYR,LW/RW,60, , ,60,15,21,11,36,8,183,70,67,8.20%,4.70%,60982,16.9,1518,25.3,40.2,106,6.3,0,1,0.00%,,,,0,1,0,46,69,24,70,40,45,2.7,4.1,1.4,4.1,2.4,2.7,30,15,0,0,0,0,123,4.7,2,0,0%,0,2,1,4,3,1,0,1,4,1,0,7,0,1,100%,3,1.3,4.3,0.07,0.25,5,24.2,22.4,3.4,4.7,2.2,-0.4,6.5,0.11,0.38,27.7,1,6,2,61,15,0,6,29,9,5,119,3,2,3,186,22,"Knee, Back",7.9,7.8,7.8,2093,0,-8.9
20,1989-05-09,Consort,AB,CAN,CAN,73,200,R,2007,1,21,,26,Riley,Nash,CAR,CAR,C/RW,63, , ,64,9,13,6,22,-5,76,21,32,11.80%,7.00%,49752,13,1150,18,43.3,59,4.3,193,197,49.50%,4,3,249,122,141,71,97,58,21,21,13,47,7,4.2,1.5,1.5,0.9,3.4,18,9,0,0,0,0,97,0.7,5,3,60%,0,2,0,1,0,1,0,0,2,1,1,4,0,0,0%,1.2,0.9,2.1,0.03,0.15,2,16.3,16.3,0.1,2,2.4,0.9,5.3,0.08,0.38,26.7,0,0,0,21,7,2,4,21,7,3,32,1,1,0,186,11,"Undisclosed, Illness, Shoulder",1.15,1.15,1.15,154,0,4
18,1987-09-03,Whitby,ON,CAN,CAN,74,221,L,2005,2,33,,28,James,Neal,NSH,NSH,RW/LW,81, , ,82,31,27,19,58,27,268,95,111,11.60%,6.50%,93831,19.1,1931,23.5,48.6,150,5.8,8,19,29.60%,1,1,18,5,9,3,89,113,31,95,25,49,3.4,4.3,1.2,3.6,1,1.9,65,30,1,0,0,0,210,-0.9,4,1,25%,1,6,0,3,1,0,0,3,5,1,1,21,0,0,0%,5.8,2.9,8.7,0.11,0.33,5,35,26.3,28.1,10.4,5,-0.2,15.2,0.19,0.58,30.4,1,7,11,76,13,2,29,53,7,4,160,3,5,3,186,0,,5,5,5,0,0,5.7
25,1979-06-18,Flesherton,ON,CAN,CAN,73,206,R,1998,6,161,,36,Chris,Neil,OTT,OTT,RW,79, , ,80,5,8,4,13,-3,70,36,28,7.10%,3.70%,44631,9.3,1074,13.4,41.6,58,4.7,1,1,50.00%,,,2,1,,0,76,215,12,36,12,11,6.1,17.3,1,2.9,1,0.9,165,25,9,6,1,0,401,-7.3,,, ,,0,0,0,0,0,0,0,2,0,0,3,0,0,0%,0,0.5,0.5,0.01,0.04,2,13.8,13.3,-1.5,-0.5,1.1,0,0.6,0.01,0.05,30.9,1,1,0,34,8,1,8,7,4,0,42,1,0,1,186,2,Illness,1.5,1.9,1.9,46,0,-2.3
29,1991-10-15,Warroad,MN,USA,USA,75,206,L,2010,1,30,,24,Brock,Nelson,NYI,NYI,LW/C,80, , ,81,26,14,7,40,-3,165,49,79,15.80%,8.90%,76804,15.8,1676,20.7,45.8,60,2.8,186,202,47.90%,3,1,264,130,124,56,101,59,50,49,24,48,4.7,2.8,2.3,2.3,1.1,2.2,30,15,0,0,0,0,139,-1.4,1,0,0%,0,6,0,3,1,1,0,3,5,3,0,14,0,0,0%,3.9,1.3,5.2,0.06,0.24,4,26.5,25.3,-3.4,7,2.1,-0.2,8.9,0.11,0.42,28.2,0,3,4,42,11,0,9,33,14,1,97,2,5,2,186,0,,1.5,2.5,2.5,0,0,4.8
34,1992-07-18,WISCONSIN RAPIDS,WI,USA,USA,74,183,R,,,,Y,23,Casey,Nelson,BUF,BUF,D,7, , ,7,0,4,1,4,1,5,2,,0.00%,0.00%,6225,14.8,162,23.1,38.4,0,0,0,0,0.00%,,,,0,,0,,5,4,2,2,1,0,2.9,2.3,1.2,1.2,0.6,8,4,0,0,0,0,17,0,,, ,,0,0,0,0,0,0,0,0,0,0,0,0,0,0%,0.3,0.3,0.7,0.1,0.4,3,3.6,2.9,2,0.6,0.5,0,1.1,0.16,0.64,57.4,0,0,0,2,0,0,2,1,0,0,2,0,0,0,19,0,,0.925,0.925,0.094,0,0,1
15,1992-02-08,Stockholm,,SWE,SWE,75,230,L,2010,2,41,,23,Patrik,Nemeth,DAL,DAL,D,37, , ,38,0,8,3,8,-1,36,21,25,0.00%,0.00%,35660,15.6,833,21.9,42.8,59,6,0,0,0.00%,,,,0,,0,85,58,47,21,19,5,8.6,5.9,4.7,2.1,1.9,0.5,14,7,0,0,0,0,119,0.4,,, ,,0,0,0,0,0,0,0,0,0,0,0,0,0,0%,0.2,0.9,1,0.03,0.1,3,8.3,11,-3.8,0.9,0.9,0,1.8,0.05,0.18,47.5,0,1,3,17,3,0,18,4,0,0,11,0,1,0,136,1,Flu,0.9,0.9,0.658,11,0,1.3
55,1990-05-18,Roseau,MN,USA,USA,70,187,L,2008,2,40,,25,Aaron,Ness,WSH,WSH,D,8, , ,8,0,2,0,2,4,8,5,5,0.00%,0.00%,5946,12.4,140,17.5,42.5,0,0,0,0,0.00%,,,,0,,0,9,4,7,5,2,0,5.4,2.4,4.2,3,1.2,0,2,1,0,0,0,0,13,0.5,,, ,,0,0,0,0,0,0,0,0,0,0,0,0,0,0%,0.1,0.5,0.6,0.08,0.36,2,2,2.2,3.1,0.2,0.7,0,0.9,0.11,0.54,48.6,0,0,0,5,0,0,2,1,0,0,5,0,0,0,28,0,,0.575,0.575,0.087,0,0,0.9
89,1993-03-28,Chelyabinsk,,RUS,RUS,71,191,L,2011,5,148,,22,Nikita,Nesterov,TBL,TBL,D,56, , ,57,3,6,4,9,-6,57,30,55,5.30%,2.10%,50922,14.9,1051,18.4,48.5,45,3.2,0,0,0.00%,,,,0,,0,68,95,31,30,30,8,4.8,6.7,2.2,2.1,2.1,0.6,41,13,1,0,1,0,168,-1.2,,, ,,1,0,0,0,0,0,1,0,0,0,2,0,0,0%,0.3,1.4,1.7,0.03,0.12,1,17.5,15,-7.3,-0.3,0.3,0,0,0,0,41.5,0,0,4,26,4,0,21,5,0,2,25,1,0,0,167,0,,0.792,0.743,0.831,0,0.133,-0.7
15,1991-02-22,Prague,,CZE,CZE,75,200,L,2009,3,75,,24,Andrej,Nestrasil,CAR,CAR,C,54, , ,55,9,14,9,23,4,105,44,49,8.60%,4.50%,47358,14.4,1075,19.5,44.1,93,7.1,8,17,32.00%,1,1,14,4,11,4,69,27,13,44,16,29,5.2,2.1,1,3.3,1.2,2.2,8,4,0,0,0,0,48,1.1,,, ,,1,0,1,2,2,0,1,3,0,0,3,0,0,0%,1.4,1.3,2.7,0.05,0.21,5,16.9,15.1,9.1,2.1,2.3,0,4.4,0.08,0.33,28.2,0,4,3,37,19,1,6,35,4,2,38,0,3,0,186,22,"Back, Knee",0.875,0.912,0.913,245,0,3.6
43,1995-03-04,Chelyabinsk,,RUS,RUS,76,205,L,2013,1,10,,20,Valeri,Nichushkin,DAL,DAL,RW,78, , ,79,9,20,10,29,2,139,58,50,6.50%,3.60%,66036,13.9,1511,19.1,43.7,122,6.7,0,1,0.00%,,,,0,1,0,101,68,33,58,46,33,5.5,3.7,1.8,3.2,2.5,1.8,12,6,0,0,0,0,113,2.6,,, ,,2,0,1,0,2,0,1,1,0,0,5,0,1,100%,1.3,1.1,2.3,0.03,0.13,4,21.2,19.6,-1.3,2.6,1.5,0,4,0.05,0.22,26.5,0,3,12,43,15,2,11,14,8,0,89,2,0,3,186,1,Lower body,0.925,0.925,2.125,26,1.2,0.6
22,1992-09-08,Chur,,CHE,CHE,74,211,L,2010,1,5,,23,Nino,Niederreiter,MIN,MIN,RW/LW,81, , ,82,20,23,13,43,9,159,62,48,12.60%,7.40%,76474,15.5,1650,20.1,46.3,128,6,11,16,40.70%,,,15,7,12,4,141,129,19,62,23,35,6.6,6.1,0.9,2.9,1.1,1.6,36,17,0,0,0,0,184,-2.1,,, ,,3,0,1,2,2,0,0,1,2,0,15,0,0,0%,3.6,1.9,5.5,0.07,0.26,5,29.3,25.2,10.4,5.5,3.9,0,9.5,0.12,0.45,27,1,2,5,54,15,3,7,26,12,2,94,1,1,1,186,0,,2.6,2.667,2.667,0,0,5
51,1984-04-24,Herning,,DNK,DNK,73,188,L,2002,3,87,,31,Frans,Nielsen,NYI,NYI,C,80, , ,81,20,32,16,52,1,181,71,70,11.00%,6.20%,86119,17.7,1952,24.1,44.1,154,6.4,586,583,50.10%,28,13,742,393,427,193,112,35,92,71,30,30,4.7,1.5,3.8,3,1.3,1.3,12,6,0,0,0,0,139,3.3,10,4,40%,1,3,0,2,4,3,0,1,5,1,0,10,0,0,0%,4.2,1.6,5.8,0.07,0.24,9,31.5,29.1,1,8,3.3,0.5,11.9,0.15,0.5,32.5,0,2,6,63,26,0,17,34,6,0,98,2,6,2,186,0,,3.5,2.75,2.75,0,0,7.2
83,1992-11-05,Long Beach,CA,USA,USA,71,190,L,2011,2,47,,23,Matt,Nieto,SJS,SJS,LW/RW,67, , ,67,8,9,4,17,-8,90,27,34,8.90%,5.30%,52901,13.2,1347,20.1,39.3,81,5.5,2,6,25.00%,,,3,1,5,1,81,33,33,27,27,17,5.5,2.2,2.2,1.8,1.8,1.2,10,5,0,0,0,0,76,5,,, ,,0,0,1,1,2,0,0,1,0,0,5,0,0,0%,0.3,0.7,1,0.01,0.07,3,14.7,17.1,-10.7,0.7,1.6,0,2.4,0.04,0.16,25.1,0,0,2,25,17,2,6,10,4,1,50,0,1,0,186,15,"Undisclosed, Lower body",0.792,0.759,0.925,163,0.133,1.6
86,1986-06-16,Omsk,,RUS,RUS,76,217,L,2004,5,136,,29,Nikita,Nikitin,EDM,EDM,D,11, , ,11,0,1,0,1,-5,12,6,15,0.00%,0.00%,9770,14.8,225,20.5,43.4,0,0,0,0,0.00%,,,,0,,0,14,14,9,6,4,0,5.2,5.2,3.3,2.2,1.5,0,8,4,0,0,0,0,31,-1.3,,, ,,0,0,0,0,0,0,0,0,0,0,0,0,0,0%,-0.1,0,-0.1,-0.01,-0.04,1,3.4,3.7,-3.5,-0.4,-0.3,0,-0.7,-0.06,-0.26,53.1,0,0,0,6,0,0,2,3,0,0,7,0,0,0,186,0,,4.5,4.5,3.887,0,0,-7.8
2,1986-12-06,Virginia,MN,USA,USA,72,200,R,2005,1,28,,29,Matt,Niskanen,WSH,WSH,D,82, , ,82,5,27,12,32,10,150,70,115,3.30%,1.50%,121335,24.7,2354,28.7,51.5,87,2.6,0,0,0.00%,,,,0,,0,170,157,145,70,62,34,5,4.7,4.3,2.1,1.8,1,38,19,0,0,0,0,340,-1.6,,, ,,0,1,3,1,0,0,2,0,0,0,3,0,0,0%,1.6,4.9,6.6,0.08,0.2,5,41,42,-0.1,2.5,5.9,0,8.4,0.1,0.25,55.3,2,3,6,59,2,1,73,14,0,0,60,3,0,3,186,0,,5.75,5.75,5.75,0,0,-2.7
64,1993-02-12,Plano,TX,USA,USA,73,205,R,2011,1,21,Y,22,Stefan,Noesen,ANA,ANA,RW/LW,1, , ,1,0,0,0,0,0,0,0,0,0.00%,0.00%,602,10,17,17,35.4,0,0,0,0,0.00%,,,,0,,0,1,3,0,0,0,0,6,17.9,0,0,0,0,0,0,0,0,0,0,3,1,,, ,,0,0,0,0,0,0,0,0,0,0,0,0,0,0%,0,0,0,0,0,4,0.1,0,0,0,0,0,0,0,0,0,0,0,0,0,0,0,0,0,0,0,0,0,0,0,2,0,,0.833,0.863,0.012,0,0.213,0
71,1989-06-23,"Garden River, First Nations",ON,CAN,CAN,75,219,L,2009,7,186,,26,Jordan,Nolan,LAK,LAK,C/RW/LW,52, , ,52,0,5,3,5,0,49,25,23,0.00%,0.00%,27759,8.9,667,12.8,41.6,56,7.3,0,1,0.00%,,,,0,1,0,58,78,8,25,8,4,7.5,10.1,1,3.2,1,0.5,38,14,2,0,0,0,126,-5.8,,, ,,0,0,0,0,0,0,0,0,0,0,0,0,0,0%,-0.7,0.5,-0.2,0,-0.03,2,7.7,7.4,-1.9,-1.8,0.8,0,-0.9,-0.02,-0.12,32.4,0,1,1,23,4,0,4,8,2,1,30,0,0,0,186,25,Back,0.85,0.95,0.95,290,0,-1.8
42,1992-02-25,Stockholm,,SWE,SWE,73,189,L,2010,3,90,,23,Joakim,Nordstrom,CAR,CAR,LW/C,70, , ,71,10,14,8,24,1,81,53,37,12.30%,5.80%,66566,15.6,1630,23,40.8,118,6.4,6,4,60.00%,,,7,5,3,1,112,98,32,53,33,26,6.1,5.3,1.7,2.9,1.8,1.4,12,6,0,0,0,0,142,8.3,1,0,0%,0,1,0,1,0,1,0,2,6,0,0,1,0,0,0%,0.8,1.6,2.3,0.03,0.12,6,17.8,20.7,8.3,2.2,4.1,-0.2,6.2,0.09,0.34,32.6,0,3,5,45,6,1,12,28,3,2,29,2,2,0,186,11,Undisclosed,0.605,0.605,0.605,81,0,6.1
83,1992-09-01,Pardubice,,CZE,CZE,75,210,L,,,,Y,23,Tomas,Nosek,DET,DET,LW,6, , ,6,0,0,0,0,-2,2,1,2,0.00%,0.00%,3650,10.1,92,15.3,39.7,0,0,4,4,50.00%,,,5,3,3,1,12,6,0,1,0,3,11.8,5.9,0,1,0,3,2,1,0,0,0,0,8,-1.2,,, ,,0,0,0,0,0,0,0,0,0,0,0,0,0,0%,-0.2,0,-0.2,-0.03,-0.2,1,0.8,1.5,-2,-0.4,0.1,0,-0.3,-0.05,-0.3,21,0,0,0,1,1,0,0,0,0,0,1,0,0,0,17,0,,0.792,0.792,0.085,0,0.133,-0.4
93,1993-04-12,Burnaby,BC,CAN,CAN,72,189,L,2011,1,1,,22,Ryan,Nugent-Hopkins,EDM,EDM,C,55, , ,55,12,22,15,34,-9,108,38,68,11.10%,5.60%,62906,19.1,1333,24.2,47.2,138,7.9,369,454,44.80%,28,8,534,232,289,137,65,39,36,38,30,43,3.7,2.2,2.1,2.2,1.7,2.5,18,9,0,0,0,0,93,-2,4,2,50%,1,4,0,1,1,0,1,0,6,2,0,3,0,0,0%,2.2,0.9,3.2,0.06,0.18,5,25.7,22.8,0.6,2.5,1.7,0.5,4.7,0.09,0.27,29.2,1,5,3,29,7,3,5,36,4,0,54,1,1,2,186,27,"Concussion, Hand, Flu",6,6,6,1976,0,-6.9
25,1995-02-04,Hamilton,ON,CAN,CAN,76,213,L,2013,1,7,Y,21,Darnell,Nurse,EDM,EDM,D,68, , ,69,3,7,3,10,-13,120,52,69,2.50%,1.20%,83755,20.2,1773,25.7,47.2,31,1.3,0,0,0.00%,,,,0,,0,99,160,103,52,43,13,4.3,6.9,4.4,2.2,1.8,0.6,60,20,4,0,0,0,327,-3.8,,, ,,0,0,0,0,0,0,2,1,0,0,0,0,0,0%,-0.3,2.2,1.9,0.03,0.08,4,25.6,33.6,-4,-2,2.8,0,0.9,0.01,0.04,49.2,1,0,3,48,7,0,21,28,0,4,60,0,0,0,166,0,,0.925,0.863,1.529,0,0.85,-1.3
39,1996-05-01,Calgary,AB,CAN,CAN,71,190,R,2014,1,8,Y,19,William,Nylander,TOR,TOR,C,22, , ,22,6,7,5,13,1,43,28,28,14.00%,6.10%,21566,16.3,472,21.5,45.7,72,12,143,148,49.10%,2,2,183,89,108,54,19,5,5,28,10,16,3.2,0.8,0.8,4.7,1.7,2.7,4,2,0,0,0,0,14,2.8,2,0,0%,0,1,0,1,0,0,0,1,2,0,0,3,0,0,0%,1.1,0.5,1.6,0.07,0.27,4,6.8,5.7,3.4,2.5,0.7,-0.4,2.7,0.12,0.45,35.7,1,1,4,22,5,0,3,10,2,0,23,2,2,1,41,0,,0.925,0.894,0.384,0,0.85,2.1
14,1989-09-01,Halmstad,,SWE,SWE,71,183,L,2008,4,121,,26,Gustav,Nyquist,DET,DET,RW/LW,81, , ,82,17,26,17,43,-2,161,43,58,10.60%,6.50%,74638,15.2,1644,20,45.4,188,9.1,0,2,0.00%,,,1,0,1,0,74,58,19,43,26,28,3.6,2.8,0.9,2.1,1.3,1.4,34,17,0,0,0,0,111,-2.4,6,0,0%,0,4,2,3,0,1,1,0,4,3,0,8,0,0,0%,3.3,1.4,4.7,0.06,0.23,3,29.8,23.2,1.7,5.1,1.8,-1.3,5.5,0.07,0.27,30.1,3,2,5,33,13,8,5,35,5,1,94,2,2,1,186,0,,4,4.75,4.75,0,0,-3.4
24,1983-02-14,Syosset,NY,USA,USA,73,200,L,2002,1,10,,32,Eric,Nystrom,NSH,NSH,LW/RW,46, , ,46,7,0,0,7,-6,27,9,14,25.90%,14.00%,31694,11.5,786,17.1,40.3,0,0,1,1,50.00%,,,1,0,1,1,42,92,26,9,6,6,4.8,10.4,3,1,0.7,0.7,20,5,2,0,0,0,140,-1.3,,, ,,3,0,1,2,1,0,2,1,2,0,1,0,0,0%,0.1,0.3,0.5,0.01,0.06,3,8.2,10.5,-7.1,0,1.1,0,1.1,0.02,0.12,41.7,0,0,2,7,1,0,7,5,2,1,11,0,0,1,186,31,"Foot, Upper body",3,2.5,2.5,945,0,-3
36,1989-01-29,Maplewood,MN,USA,USA,75,195,R,2007,1,29,,27,Jim,O'Brien,NJD,NJD,C/RW,4, , ,4,0,0,0,0,-4,3,0,2,0.00%,0.00%,3244,13.5,76,19,42.7,0,0,29,20,59.20%,,,21,13,28,16,5,7,2,0,1,0,5.5,7.8,2.2,0,1.1,0,2,1,0,0,0,0,11,0.9,,, ,,0,0,0,0,0,0,0,0,0,0,0,0,0,0%,-0.2,-0.1,-0.2,-0.05,-0.22,4,1.2,1.2,-3.7,-0.6,-0.2,0,-0.8,-0.2,-0.89,35,0,0,0,0,1,0,0,0,0,0,2,0,0,0,7,0,,0.575,0.575,0.022,0,0,-0.8
18,1988-06-01,Yardley,PA,USA,USA,69,175,L,,,,,27,Brian,O'Neill,NJD,NJD,RW,22, , ,22,0,2,1,2,-3,14,4,6,0.00%,0.00%,13677,10.4,337,15.3,40.6,24,6.3,2,4,33.30%,,,2,1,4,1,29,36,9,4,3,4,7.6,9.5,2.4,1.1,0.8,1.1,8,4,0,0,0,0,53,-1.4,,, ,,0,0,0,0,0,0,0,0,0,0,0,0,0,0%,-0.4,0.2,-0.2,-0.01,-0.05,3,4.1,4.7,-2.5,-1.1,0.5,0,-0.6,-0.03,-0.16,27.2,0,1,0,3,0,0,1,4,1,1,7,0,0,0,109,0,,0.575,0.563,0.33,0,0,-0.6
19,1986-09-30,Toronto,ON,CAN,CAN,72,191,L,2005,5,150,,29,Cal,O'Reilly,BUF,BUF,C,20, , ,20,3,4,2,7,-1,10,3,1,30.00%,21.40%,13416,11.2,288,14.4,46.6,25,6.7,59,50,54.10%,1,1,65,37,44,22,7,3,5,3,6,2,1.9,0.8,1.3,0.8,1.6,0.5,2,1,0,0,0,0,10,-0.1,,, ,,0,0,1,0,1,0,1,0,0,0,1,0,0,0%,0.5,0.3,0.8,0.04,0.21,1,5.7,4.4,0.7,0.5,0.4,0,0.9,0.05,0.24,30,0,0,0,3,3,0,3,1,0,0,3,1,0,0,66,0,,0.7,0.7,0.248,0,0,0.8
90,1991-02-07,Clinton,ON,CAN,CAN,73,210,L,2009,2,33,,25,Ryan,O'Reilly,BUF,BUF,C,71, , ,71,21,39,26,60,-16,157,42,44,13.40%,8.60%,92591,21.7,1835,25.8,50.5,220,8.6,1024,788,56.50%,43,28,1104,651,686,362,50,17,43,42,28,47,1.9,0.7,1.7,1.6,1.1,1.8,8,4,0,0,0,0,68,3.2,6,0,0%,0,2,1,2,2,3,1,3,5,1,0,8,0,0,0%,5,1.4,6.4,0.09,0.25,8,38.3,36.7,-6.7,8.4,3.4,-1.3,10.5,0.15,0.41,31.5,0,4,4,34,19,5,39,21,6,0,67,4,5,5,186,11,Lower body,,6,6,805,0,-1.1
47,1981-10-01,Stockholm,,SWE,SWE,72,195,L,2001,7,221,,34,Johnny,Oduya,DAL,DAL,D,81, , ,82,4,17,9,21,8,63,51,76,6.30%,2.10%,100257,20.4,2237,27.3,44.8,101,3.6,0,0,0.00%,,,,0,,0,126,73,172,51,37,23,4.5,2.6,6.2,1.8,1.3,0.8,26,13,0,0,0,0,271,7.9,,, ,,3,0,0,0,0,0,1,0,0,0,3,0,0,0%,0.8,3.3,4.1,0.05,0.15,6,24.5,37.1,-3.9,2.5,5.2,0,7.7,0.09,0.28,50.9,1,2,5,43,1,0,41,4,0,0,17,0,0,1,186,0,,3.75,3.75,3.75,0,0,0.9
82,1992-06-25,Dearborn Heights,MI,USA,USA,72,182,L,,,,Y,23,Jordan,Oesterle,EDM,EDM,D,16, , ,17,0,5,3,5,1,24,8,19,0.00%,0.00%,22123,21.7,460,27.1,48.1,35,5.7,0,0,0.00%,,,,0,,0,45,11,26,8,12,8,7.3,1.8,4.2,1.3,2,1.3,0,0,0,0,0,0,37,1.5,,, ,,0,0,0,0,0,0,0,0,0,0,0,0,0,0%,0.1,1,1,0.06,0.16,4,8.2,7,4,-0.2,0.9,0,0.7,0.04,0.11,42.5,0,0,0,8,3,1,7,5,2,0,6,0,0,0,40,0,,0.792,0.767,0.199,0,0.133,0.5
21,1988-04-16,St. Paul,MN,USA,USA,72,217,R,2006,1,7,,27,Kyle,Okposo,NYI,NYI,RW,78, , ,79,22,42,23,64,-4,202,70,104,10.90%,5.90%,86295,18.2,1708,21.6,50.5,224,9.3,23,40,36.50%,,,45,17,18,6,140,90,39,70,54,42,5.8,3.8,1.6,2.9,2.3,1.8,51,22,1,0,0,0,181,-0.6,10,5,50%,3,3,2,4,1,2,0,0,1,2,0,17,0,0,0%,5.8,1.4,7.2,0.09,0.3,5,36.3,26.6,-1.4,10.4,0.8,1.2,12.5,0.16,0.52,29.3,1,4,6,59,12,1,12,33,9,2,133,5,2,5,186,2,Lower body,4.5,2.8,2.8,68,0,7.7
5,1992-12-21,Toronto,ON,CAN,CAN,79,260,L,2011,1,14,,23,Jamie,Oleksiak,DAL,DAL,D,19, , ,19,0,2,1,2,-5,13,6,9,0.00%,0.00%,14496,12.7,357,18.8,40.6,17,4.2,0,0,0.00%,,,,0,,0,18,54,29,6,17,4,4.5,13.4,7.2,1.5,4.2,1,21,3,3,0,0,0,107,0,,, ,,0,0,0,0,0,0,0,0,0,0,0,0,0,0%,-0.1,0,-0.1,-0.01,-0.02,3,4,4.8,-6.1,-0.2,-0.4,0,-0.6,-0.03,-0.15,38.4,0,1,2,3,1,0,4,1,1,0,6,0,0,0,172,0,,0.875,0.875,0.809,0,0,-1.2
23,1994-12-01,Boras,,SWE,SWE,75,197,L,2013,2,46,Y,21,Gustav,Olofsson,MIN,MIN,D,2, , ,2,0,0,0,0,0,1,2,2,0.00%,0.00%,1103,9.2,27,13.5,40.9,0,0,0,0,0.00%,,,,0,,0,2,2,0,2,2,0,6.5,6.5,0,6.5,6.5,0,0,0,0,0,0,0,2,0.1,,, ,,0,0,0,0,0,0,0,0,0,0,0,0,0,0%,0,0,0,0,0,3,0.1,0.1,0,0,0,0,0,0,0,14,0,1,1,0,0,0,0,0,0,0,1,0,0,0,4,0,,0.767,0.795,0.02,0,0.158,0
4,1991-01-03,Salt Lake City,UT,USA,CAN,74,223,L,2009,1,28,,25,Dylan,Olsen,FLA,FLA,D,8, , ,8,0,1,1,1,-1,9,2,2,0.00%,0.00%,6601,13.8,141,17.6,46.8,14,7.6,0,0,0.00%,,,,0,,0,9,6,7,2,1,0,4.9,3.3,3.8,1.1,0.5,0,2,1,0,0,0,0,15,-0.5,,, ,,0,0,0,0,0,0,0,0,0,0,0,0,0,0%,0,0.1,0.1,0.01,0.05,1,1.7,2,-1.7,-0.1,0,0,-0.1,-0.01,-0.05,55.6,0,0,0,2,0,0,3,3,0,0,3,0,0,0,37,0,,0.85,0.775,0.154,0,0,-0.2
9,1991-07-23,Novokuznetsk,,RUS,RUS,72,212,L,2009,2,55,,24,Dmitry,Orlov,WSH,WSH,D,82, , ,82,8,21,10,29,8,90,37,71,8.90%,4.00%,78850,16,1700,20.7,46.4,91,4.2,0,0,0.00%,,,,0,,0,87,121,61,37,41,37,4,5.5,2.8,1.7,1.9,1.7,26,13,0,0,0,0,208,10.9,,, ,,1,0,3,0,2,0,3,0,0,0,3,0,0,0%,2.5,3.3,5.9,0.07,0.27,3,27.6,29.5,-4.6,5.1,2.3,0,7.5,0.09,0.34,47.6,0,3,3,31,6,0,35,9,0,0,40,0,1,4,186,0,,2.25,2,2,0,0,4.4
44,1980-09-26,San Francisco,CA,USA,USA,74,221,L,2000,1,18,,35,Brooks,Orpik,WSH,WSH,D,41, , ,41,3,7,2,10,11,31,14,36,9.70%,3.70%,48734,19.8,1045,25.5,46.6,20,1.5,0,0,0.00%,,,,0,,0,69,125,102,14,24,7,5.1,9.2,7.5,1,1.8,0.5,24,12,0,0,0,0,251,-8.9,,, ,,0,0,1,0,0,0,0,1,0,0,2,0,0,0%,0.4,2.6,3,0.07,0.22,5,16.1,20.8,0.9,0.3,3.1,0,3.4,0.08,0.25,55.4,0,0,0,14,1,0,10,5,0,0,15,1,0,1,186,40,Lower body,5.5,5.5,5.5,2683,0,-7.1
77,1986-12-23,Everett,WA,USA,USA,71,189,R,2005,1,24,,29,T.J.,Oshie,WSH,WSH,RW/LW,80, , ,80,26,25,11,51,16,185,71,64,14.10%,8.10%,91024,19,1858,23.2,49,118,4.7,138,124,52.70%,,,206,108,56,30,120,134,62,71,42,62,4.7,5.3,2.5,2.8,1.7,2.5,34,17,0,0,0,0,230,2.5,6,4,67%,1,2,0,5,3,3,1,2,4,2,1,13,0,0,0%,4.4,2.3,6.7,0.08,0.26,9,33.3,29.8,9.6,7.6,4.3,1.4,13.4,0.17,0.53,30.2,0,7,8,56,25,3,19,19,17,3,99,3,3,5,186,2,Illness,4.5,4.175,4.175,102,0,5.7
9,1982-08-19,Summerside,PE,CAN,CAN,72,189,L,2000,1,25,,33,Steve,Ott,STL,STL,C,21, , ,21,0,2,1,2,-3,21,6,3,0.00%,0.00%,13757,10.9,361,17.2,38.1,15,3.9,39,31,55.70%,,,39,24,31,15,15,34,5,6,1,3,3.9,8.9,1.3,1.6,0.3,0.8,34,7,2,1,0,0,75,-0.6,,, ,,0,0,0,0,0,0,0,0,0,0,0,0,0,0%,-0.4,0.2,-0.3,-0.01,-0.08,3,4.3,6.7,-4.1,-1.2,1,0,-0.2,-0.01,-0.05,30.1,0,0,0,6,3,0,4,0,2,0,12,1,0,0,186,61,"Hamstring, Upper body",2.6,2.6,2.6,1934,0,-4.6
61,1993-07-29,Bayonne,,FRA,FRA,73,200,L,2011,2,48,Y,22,Xavier,Ouellet,DET,DET,D,5, , ,5,0,1,1,1,-2,4,3,3,0.00%,0.00%,4873,16.2,112,22.4,43.5,18,13.3,0,0,0.00%,,,,0,,0,6,5,3,3,1,3,4.4,3.7,2.2,2.2,0.7,2.2,2,1,0,0,0,0,10,-0.7,,, ,,0,0,0,0,0,0,0,0,0,0,0,0,0,0%,0,0,0,0,0,1,1.4,1.6,-1.9,0,-0.1,0,-0.1,-0.02,-0.07,40.5,0,0,2,1,0,0,0,1,0,0,3,0,0,0,16,0,,0.65,0.67,0.077,0,0.183,-0.2
8,1985-09-17,Moscow,,RUS,RUS,75,239,R,2004,1,1,,30,Alex,Ovechkin,WSH,WSH,LW/RW,79, , ,79,50,21,6,71,21,398,166,215,12.60%,6.40%,96262,20.3,1714,21.7,56.2,43,1.6,0,0,0.00%,,,,0,,0,81,225,34,166,50,24,3,8.4,1.3,6.2,1.9,0.9,53,24,1,0,0,0,313,-4.2,2,2,100%,2,6,2,8,2,3,0,7,10,1,0,29,0,1,100%,9.1,2.6,11.7,0.15,0.44,5,40.8,28.7,13.2,15.5,2.6,0.9,19,0.24,0.71,33.1,0,8,6,152,16,2,103,61,8,0,208,10,9,1,186,0,,10,9.538,9.538,0,0,-0.1
56,1991-04-12,Norrkoping,,SWE,SWE,75,208,L,2009,1,10,,24,Magnus,Paajarvi,STL,STL,LW/RW,48, , ,48,3,6,6,9,-9,88,33,21,3.40%,2.10%,37008,12.9,936,19.5,39.5,138,13.4,0,2,0.00%,,,2,0,,0,67,44,16,33,4,8,6.5,4.3,1.6,3.2,0.4,0.8,8,4,0,0,0,0,68,5.9,2,0,0%,0,0,0,1,0,0,0,0,2,0,0,1,0,0,0%,-0.4,0.4,0,0,0,2,10.7,11,-10.6,-1.1,0.3,-0.4,-1.3,-0.03,-0.13,24.2,0,0,4,29,18,2,2,8,5,3,50,0,0,3,158,7,Upper body,0.7,0.7,0.595,60,0,-1.6
67,1988-11-20,New Canaan,CT,USA,USA,74,213,L,2007,1,22,,27,Max,Pacioretty,MTL,MTL,LW,82, , ,82,30,34,23,64,-10,303,122,115,9.90%,5.60%,91154,18.5,2107,25.7,43.3,232,9.2,6,7,46.20%,,,10,5,3,1,148,102,37,122,33,35,5.8,4,1.5,4.8,1.3,1.4,34,17,0,0,0,0,173,-1.4,7,3,43%,1,6,0,6,4,1,0,1,3,3,0,22,0,0,0%,6.2,1.3,7.5,0.09,0.3,5,39,34.5,-0.7,9.6,2.5,0.5,12.5,0.15,0.49,32.5,2,3,14,103,32,4,23,39,18,0,187,6,5,2,186,0,,4,4.5,4.5,0,0,4.1
44,1992-11-11,Ottawa,ON,CAN,CAN,70,180,R,2011,4,96,,23,Jean-Gabriel,Pageau,OTT,OTT,C,81, , ,82,19,24,15,43,17,133,32,47,14.30%,9.00%,82175,16.7,1892,23.1,43.4,151,6.6,614,563,52.20%,23,8,849,472,328,142,113,166,60,32,37,30,5,7.3,2.6,1.4,1.6,1.3,26,8,0,1,0,0,252,3,1,0,0%,0,2,0,2,5,0,0,1,2,1,0,15,0,0,0%,3.4,1.9,5.3,0.06,0.23,8,24.4,29.8,9.8,8.3,3.1,-0.2,11.2,0.14,0.49,33.2,0,2,5,25,10,5,13,12,8,1,84,3,2,4,186,0,,0.7,0.9,0.9,0,0,10.5
,1984-04-15,Welland,ON,CAN,CAN,73,200,L,2002,1,20,,31,Daniel,Paille,NYR,NYR,LW,12, , ,12,0,0,0,0,-2,11,2,3,0.00%,0.00%,8214,11.4,207,17.3,39.7,0,0,0,1,0.00%,,,1,0,,0,14,16,9,2,2,5,6.1,7,3.9,0.9,0.9,2.2,0,0,0,0,0,0,25,1.7,,, ,,0,0,0,0,0,0,0,0,0,0,0,0,0,0%,-0.4,0,-0.3,-0.03,-0.13,4,2,3.1,-2.7,-0.9,0.1,0,-0.8,-0.07,-0.35,26.2,0,0,0,2,0,0,1,1,0,1,8,0,0,0,31,0,,0.575,0.575,0.096,0,0,-0.8
26,1991-08-25,Loviisa,,FIN,FIN,73,215,R,2011,7,184,Y,24,Iiro,Pakarinen,EDM,EDM,RW/LW,62, , ,63,5,8,5,13,-10,76,32,32,6.60%,3.60%,40629,10.7,1053,16.7,38.6,65,5.8,5,8,38.50%,,,9,4,4,1,81,152,21,32,9,10,7.2,13.5,1.9,2.8,0.8,0.9,8,4,0,0,0,0,181,4.5,,, ,,0,0,0,0,0,1,1,2,0,0,1,0,0,0%,0.1,0.4,0.5,0.01,0.04,3,12.6,13.5,-6.6,-0.2,0.9,0,0.7,0.01,0.06,32.6,0,0,6,26,2,2,7,27,4,0,34,0,1,0,171,3,Concussion,0.843,0.818,0.85,33,0.083,0
18,1991-03-28,Frydek-Mistek,,CZE,CZE,72,188,L,2011,7,208,,24,Ondrej,Palat,TBL,TBL,LW,61, , ,62,16,24,16,40,10,117,42,55,13.70%,7.50%,66659,17.9,1335,21.5,49.9,136,7.3,2,6,25.00%,,,4,1,4,1,121,108,39,42,31,32,6.5,5.8,2.1,2.3,1.7,1.7,20,10,0,0,0,0,167,8.8,1,0,0%,0,4,1,4,0,2,0,0,3,2,0,9,0,1,100%,3.4,1.7,5.1,0.08,0.28,7,26.9,25,5.5,5.4,3.4,-0.2,8.7,0.14,0.47,30.8,0,1,5,36,10,4,10,13,7,0,73,1,5,4,186,20,Lower body,3.2,3.333,3.333,813,0,2.8
36,1993-04-06,Westport,CT,USA,USA,76,212,R,2011,3,70,Y,22,Michael,Paliotta,CBJ,CBJ,D,1, , ,1,0,0,0,0,0,2,0,0,0.00%,0.00%,452,7.5,12,12,37.7,0,0,0,0,0.00%,,,,0,,0,0,0,1,0,0,0,0,0,8,0,0,0,4,2,0,0,0,0,5,0,,, ,,0,0,0,0,0,0,0,0,0,0,0,0,0,0%,0,0,0,0,0,2,0.4,0.4,0.1,-0.1,0,0,-0.1,-0.1,-0.8,64,0,0,0,0,0,0,1,1,0,0,0,0,0,0,1,0,,0.925,0.925,0.005,0,0,-0.1
21,1991-02-01,Smithtown,NY,USA,USA,70,185,R,2009,1,26,,25,Kyle,Palmieri,NJD,NJD,RW/LW,81, , ,82,30,27,16,57,3,222,78,91,13.50%,7.70%,87600,17.8,1828,22.3,47.9,147,6,10,17,37.00%,,,19,7,8,3,130,129,51,78,35,43,5.3,5.3,2.1,3.2,1.4,1.8,39,17,1,0,0,0,220,14.9,1,0,0%,0,3,2,4,1,5,1,5,7,2,0,10,0,0,0%,5.9,2.3,8.2,0.1,0.34,7,33.9,26.9,13.5,10.6,3.5,-0.2,13.9,0.17,0.57,32.1,1,3,6,68,23,6,55,60,6,0,72,6,2,6,186,0,,1.6,1.467,1.467,0,0,11.9
72,1991-10-30,Korkino,,RUS,RUS,71,170,R,,,,Y,24,Artemi,Panarin,CHI,CHI,LW,80, , ,80,30,47,29,77,8,187,64,82,16.00%,9.00%,88898,18.5,1820,22.8,48.8,177,7.2,0,0,0.00%,,,,0,,0,121,46,14,64,35,29,4.9,1.9,0.6,2.6,1.4,1.2,32,15,0,0,0,0,92,3.2,2,1,50%,0,4,1,7,2,1,0,8,5,0,0,16,0,0,0%,7.9,2,9.8,0.12,0.4,5,42.1,34.1,7.5,13.3,3.4,0.2,17,0.21,0.69,28.9,2,8,9,45,9,1,38,27,2,1,109,7,4,7,186,2,Illness,0.7,0.812,3.5,88,2.8,10.7
14,1991-02-07,Martin,,SVK,SVK,73,208,L,2009,2,52,,25,Richard,Panik,CHI,CHI,LW/RW,30, , ,30,6,2,1,8,4,39,17,10,15.40%,9.10%,19501,10.8,461,15.4,42.3,13,2.4,1,1,50.00%,,,1,0,1,1,43,54,11,17,8,6,7.9,10,2,3.1,1.5,1.1,6,3,0,0,0,0,71,2.5,,, ,,3,0,1,0,0,0,1,0,0,1,4,0,0,0%,0.7,0.5,1.2,0.04,0.22,3,6.2,5.9,3.7,1.1,1,0,2.1,0.07,0.39,27.1,0,0,3,14,3,1,5,2,2,1,25,0,0,0,186,0,,0.975,0.975,0.485,0,0,2.2
13,1993-08-13,Gaspe,QC,CAN,CAN,73,199,L,2012,4,101,,22,Cedric,Paquette,TBL,TBL,C,55, , ,56,6,5,2,11,-2,50,25,25,12.00%,6.00%,42804,12.7,965,17.2,44.4,46,3.9,141,142,49.80%,6,4,182,89,101,52,108,137,31,25,13,16,9.1,11.5,2.6,2.1,1.1,1.3,51,18,3,0,0,0,222,4.2,,, ,,1,0,1,0,1,0,1,1,0,0,3,1,1,100%,0,0.7,0.7,0.01,0.06,4,10.8,13,-4.6,0.3,1.7,0,2,0.04,0.17,28.1,0,1,7,17,6,0,2,7,3,1,31,1,1,0,186,26,"Lower body, Upper body, Leg, Foot",0.65,0.633,0.92,288,0.55,1.2
55,1993-05-12,St. Albert,AB,CAN,CAN,78,226,R,2012,3,86,Y,22,Colton,Parayko,STL,STL,D,79, , ,79,9,24,14,33,28,165,74,111,5.50%,2.60%,91894,19.4,2083,26.4,44.1,141,5.5,0,0,0.00%,,,,0,,0,151,102,122,74,21,33,5.9,4,4.8,2.9,0.8,1.3,29,12,1,0,0,0,254,7.5,,, ,,1,0,3,0,1,0,2,1,0,0,5,0,0,0%,2.8,5.9,8.8,0.11,0.34,3,33.6,30.1,24.9,5.3,6,0,11.3,0.14,0.44,47.6,0,1,10,63,9,0,59,8,1,1,87,3,4,0,186,3,"Illness, Lower body",0.792,0.859,0.925,36,0.133,10.5
6,1984-03-29,Bonavista,NL,CAN,CAN,76,227,L,2004,6,173,,31,Adam,Pardy,EDM,"WPG, EDM",D,14,9, ,23,0,4,3,4,-7,22,10,11,0.00%,0.00%,21920,15.9,479,20.8,45.8,65,10.7,0,0,0.00%,,,,0,,0,38,32,32,10,14,6,6.2,5.3,5.3,1.6,2.3,1,14,7,0,0,0,0,78,0.3,,, ,,0,0,0,0,0,0,0,0,0,0,0,0,0,0%,0,0.2,0.2,0.01,0.03,4,6,8.2,-6,0,0,0,0,0,0,43.8,0,0,0,10,0,0,6,6,2,0,8,0,0,1,186,9,Hand,1,1,1,110,0,-1
15,1983-03-24,Hull,QC,CAN,CAN,72,200,R,2001,9,264,,32,Pierre-Alexandre,Parenteau,TOR,TOR,RW,76, , ,77,20,21,10,41,0,168,69,76,11.90%,6.40%,75116,16.3,1730,22.5,43.4,130,6.2,4,14,22.20%,,,5,1,13,3,90,48,26,69,27,29,4.3,2.3,1.2,3.3,1.3,1.4,68,29,0,1,0,0,142,-4.5,11,4,36%,2,5,1,3,1,4,0,1,6,1,0,8,0,0,0%,3.2,1.5,4.8,0.06,0.23,5,29.6,23.4,11.1,4.3,2.1,0.3,6.7,0.09,0.32,32.3,1,2,6,60,16,0,13,38,11,2,88,3,1,2,372,5,Upper body,2.833,2.833,2.833,91,0,3
11,1984-07-28,Minneapolis,MN,USA,USA,71,196,L,2003,1,17,,31,Zach,Parise,MIN,MIN,LW,69, , ,70,25,28,14,53,-3,234,81,70,10.70%,6.50%,81026,19.3,1628,23.3,49.8,123,5.5,0,4,0.00%,,,,0,4,0,96,71,42,81,18,39,4.3,3.2,1.9,3.6,0.8,1.7,36,16,0,0,0,0,149,4.4,6,1,17%,1,8,0,7,1,4,2,3,3,1,0,12,0,0,0%,5.1,1.5,6.6,0.09,0.29,7,31.2,26,-2.1,9.1,2.5,-0.4,11.2,0.16,0.5,25.1,0,5,10,66,20,9,22,24,26,4,129,6,2,7,186,12,"Undisclosed, Upper body, Lower body",9,7.538,7.538,1103,0,-3.7
88,1996-05-25,Havirov,,CZE,CZE,72,181,R,2014,1,25,,19,David,Pastrnak,BOS,BOS,RW/LW,51, , ,51,15,11,6,26,3,108,28,38,13.90%,8.60%,42672,13.9,947,18.6,45.1,65,5.5,0,3,0.00%,,,3,0,,0,67,52,15,28,51,35,5.7,4.4,1.3,2.4,4.3,3,20,9,0,0,0,0,87,7.9,1,0,0%,0,3,0,2,0,2,0,1,0,1,1,10,1,1,100%,2.6,0.9,3.5,0.07,0.3,4,14.8,13.7,3.6,5.1,1.3,-0.2,6.3,0.12,0.53,32.3,0,3,5,20,16,0,15,3,9,2,63,2,0,2,171,28,"Upper body, Foot",0.925,0.925,0.85,316,0,5.6
6,1990-06-20,Sterling Heights,MI,USA,USA,74,223,R,2008,5,128,Y,25,Greg,Pateryn,MTL,MTL,D,38, , ,38,1,6,5,7,-8,32,16,37,3.10%,1.20%,38187,16.7,833,21.9,45.8,75,7.1,0,0,0.00%,,,,0,,0,95,100,52,16,31,12,9,9.4,4.9,1.5,2.9,1.1,49,7,3,0,2,0,204,3.6,,, ,,0,0,0,0,0,0,1,0,0,0,0,0,0,0%,0.1,0.7,0.8,0.02,0.08,3,10,14.3,-8,0.2,0.8,0,1,0.03,0.09,52.7,0,0,2,14,0,0,15,0,0,0,17,0,1,1,186,0,,0.575,0.562,0.563,0,0,1
13,1995-03-20,Mississauga,ON,CAN,CAN,76,230,L,2013,4,101,Y,20,Nick,Paul,OTT,OTT,LW,18, , ,24,2,3,2,5,-3,28,11,,7.10%,5.10%,17559,12.2,425,17.7,41.3,0,0,31,29,51.70%,,,33,19,27,12,,43,9,11,2,9,0,8.8,1.8,2.3,0.4,1.8,6,3,0,0,0,0,58,0,,, ,,1,0,0,0,0,0,0,0,1,0,1,0,0,0%,0,0.1,0.1,0,0.02,3,5.2,4.7,-1.8,-0.1,0.2,0,0.1,0,0.02,33.3,0,0,1,10,3,0,0,6,1,0,18,0,0,1,59,0,,0.668,0.894,0.284,0,0.258,-0.1
8,1984-07-11,Plover,WI,USA,USA,71,190,R,2003,7,205,,31,Joe,Pavelski,SJS,SJS,C/RW,82, , ,82,38,40,24,78,25,224,92,78,17.00%,9.60%,97494,19.8,2067,25.2,47.2,179,6.6,516,422,55.00%,12,7,731,398,207,118,92,147,67,92,82,46,3.4,5.4,2.5,3.4,3,1.7,30,14,0,0,0,0,244,2.3,6,3,50%,2,7,1,11,3,3,3,5,2,6,0,19,0,0,0%,8.4,3,11.5,0.14,0.42,8,42,34.4,26.1,15.1,5.9,0.7,21.7,0.26,0.8,27.3,1,1,10,80,22,13,37,20,32,3,97,9,6,4,186,0,,6,6,6,0,0,10.1
70,1992-08-10,Kitchener,ON,CAN,CAN,73,208,L,2012,1,30,,23,Tanner,Pearson,LAK,LAK,LW/RW,78, , ,79,15,21,14,36,11,137,64,64,10.90%,5.70%,68543,14.5,1625,20.6,42.2,130,6.8,8,17,32.00%,,,16,6,9,2,111,104,34,64,18,27,5.8,5.5,1.8,3.4,0.9,1.4,18,9,0,0,0,0,156,9.9,2,0,0%,0,4,2,4,1,0,0,1,4,2,0,8,0,0,0%,2.6,1.7,4.3,0.05,0.23,6,22.9,24.1,5.4,4.9,3.8,-0.4,8.3,0.11,0.44,29.7,0,4,4,56,4,2,12,35,10,1,73,4,1,2,186,0,,1.25,1.4,1.4,0,0,6.5
29,1993-07-03,Kaunas,,LTU,LTU,77,213,L,2011,3,63,Y,22,Andrey,Pedan,VAN,VAN,D,13, , ,13,0,0,0,0,-3,11,6,10,0.00%,0.00%,8543,11,218,16.8,39.2,0,0,0,0,0.00%,,,,0,,0,19,40,8,6,5,0,8,16.9,3.4,2.5,2.1,0,18,4,2,0,0,0,68,-1.4,,, ,,0,0,0,0,0,0,0,0,0,0,0,0,0,0%,-0.2,0.1,-0.1,-0.01,-0.04,1,1.8,1.9,-2.5,-0.4,-0.3,0,-0.7,-0.05,-0.29,54,0,0,1,5,0,0,3,1,0,0,7,0,0,0,66,0,,0.792,0.792,0.328,0,0.133,-1
50,1994-08-16,Toronto,ON,CAN,CAN,75,210,L,2012,3,65,Y,21,Adam,Pelech,NYI,NYI,D,9, , ,9,0,2,2,2,-1,8,2,8,0.00%,0.00%,9493,17.6,190,21.1,50,0,0,0,0,0.00%,,,,0,,0,23,16,16,2,7,1,8.7,6.1,6.1,0.8,2.7,0.4,0,0,0,0,0,0,32,0.6,,, ,,0,0,0,0,0,0,0,0,0,0,0,0,0,0%,0,0.2,0.3,0.03,0.11,6,3.5,3.2,-1.1,-0.1,0,0,-0.1,-0.01,-0.04,53.3,0,0,0,2,0,0,2,0,0,0,6,0,0,1,120,36,Upper body,0.846,0.854,0.597,410,0.08,-0.6
14,1989-04-18,North York,ON,CAN,CAN,75,235,R,2007,6,160,,26,Anthony,Peluso,WPG,WPG,RW,34, , ,35,1,4,1,5,4,16,10,7,6.30%,3.00%,13407,6.4,329,9.4,40.8,10,2.7,0,0,0.00%,,,,0,,0,37,81,4,10,6,3,9.9,21.7,1.1,2.7,1.6,0.8,44,12,4,0,0,0,133,-9.4,,, ,,0,0,0,0,0,0,0,0,0,0,1,0,0,0%,0.1,0.4,0.5,0.01,0.13,2,4.3,4.1,4.4,0,0.9,0,0.9,0.03,0.24,34.1,0,0,1,9,2,0,1,4,0,1,8,0,0,0,186,19,Shoulder,0.65,0.675,0.096,156,0,1.9
50,1993-05-18,Oakville,ON,CAN,CAN,73,187,L,2011,1,25,Y,22,Stuart,Percy,TOR,TOR,D,2, , ,3,0,0,0,0,-2,1,1,3,0.00%,0.00%,2369,13.2,66,22,35.9,0,0,0,0,0.00%,,,,0,,0,6,4,3,1,1,1,9.1,6.1,4.6,1.5,1.5,1.5,0,0,0,0,0,0,7,0.2,,, ,,0,0,0,0,0,0,0,0,0,0,0,0,0,0%,0,-0.1,-0.1,-0.03,-0.15,2,0.5,0.6,-1.8,-0.1,-0.2,0,-0.4,-0.13,-0.61,45,0,0,0,1,0,0,0,0,0,0,1,0,0,0,7,0,,0.833,0.863,0.04,0,0.213,-0.4
85,1988-01-05,Drummondville,QC,CAN,CAN,70,188,L,2006,6,177,,28,Mathieu,Perreault,WPG,WPG,C/LW,70, , ,71,9,32,14,41,-11,133,45,80,6.80%,3.50%,70499,16.5,1495,21.1,47.2,131,6.7,94,109,46.30%,1,1,111,54,92,40,65,83,33,45,26,31,3.3,4.2,1.7,2.3,1.3,1.6,36,18,0,0,0,0,152,0.5,,, ,,1,0,1,0,0,0,1,2,0,0,6,0,0,0%,2.4,0.8,3.2,0.05,0.16,4,32.7,23.5,-5.5,1.6,0.8,0,2.4,0.03,0.12,29.5,0,0,7,38,18,5,15,11,2,0,82,2,1,2,186,11,"Concussion, Back",3,3,3,402,0,-2.8
57,1988-05-28,Sherbrooke,QC,CAN,CAN,72,200,R,2007,1,26,,27,David,Perron,ANA,"PIT, ANA",LW/RW,43,28, ,71,12,24,15,36,-1,147,49,44,8.20%,5.00%,64806,15.2,1527,21.5,42.4,154,8.6,2,8,20.00%,,,7,1,3,1,124,142,23,49,20,22,6.9,7.9,1.3,2.7,1.1,1.2,62,31,0,0,0,0,227,-12.8,6,3,50%,1,4,0,1,0,0,2,0,1,2,0,7,0,0,0%,2.4,1.2,3.6,0.05,0.2,5,25.4,20.2,-4.8,3.3,0.9,0.7,4.9,0.07,0.27,26.1,0,2,4,43,8,3,6,19,11,0,100,1,0,1,186,11,Shoulder,4.5,3.812,3.812,511,0,-2
10,1985-05-16,Peterborough,ON,CAN,CAN,75,210,R,2003,1,28,,30,Corey,Perry,ANA,ANA,RW,82, , ,82,34,28,22,62,2,215,90,79,15.80%,8.90%,87122,17.7,1813,22.1,48.1,207,8.6,2,8,20.00%,,,6,1,4,1,136,104,36,90,53,25,5.6,4.3,1.5,3.7,2.2,1,68,29,2,0,0,0,210,-5.7,7,1,14%,0,8,0,6,1,4,0,3,1,2,1,23,0,0,0%,6.8,2.1,8.9,0.11,0.37,5,36,26.6,1.9,11.6,1.7,-0.8,12.5,0.15,0.52,25.3,0,8,12,70,19,0,31,20,16,5,124,6,10,6,186,0,,9,8.625,8.625,0,0,-4.7
54,1994-11-15,Tarrytown,NY,USA,USA,75,200,R,2013,3,66,Y,21,Brett,Pesce,CAR,CAR,D,68, , ,69,4,12,4,16,-7,85,44,51,4.70%,2.20%,77700,18.8,1695,24.6,45.8,34,1.6,0,1,0.00%,,,,0,1,0,123,30,83,44,22,43,5.7,1.4,3.8,2,1,2,16,8,0,0,0,0,129,4.3,,, ,,2,0,1,0,0,0,2,1,0,0,1,0,0,0%,0.6,2.9,3.6,0.05,0.17,4,22,23.8,-1.6,1.2,3,0,4.2,0.06,0.19,51.6,0,1,7,36,3,0,39,21,2,0,20,1,1,2,173,6,"Lower body, Lower body, Foot",0.743,0.809,0.753,73,0,3.7
19,1995-03-22,Delta,BC,CAN,CAN,69,179,L,2013,2,43,Y,20,Nic,Petan,WPG,WPG,LW/C,0, , ,26,2,4,2,6,2,25,15,12,8.00%,3.80%,18326,11.7,394,15.2,46.5,37,7.3,12,9,57.10%,,,10,4,11,8,18,7,4,15,8,11,3.5,1.4,0.8,2.9,1.6,2.2,10,5,0,0,0,0,21,-0.2,,, ,,1,0,0,0,0,1,0,0,0,0,1,0,0,0%,0.1,0.4,0.5,0.02,0.1,1,4.2,3.4,0.5,0.6,0.4,0,1,0.04,0.2,23.2,0,1,1,13,1,4,1,3,1,1,14,0,0,0,67,1,Illness,0.843,0.789,0.311,12,0.233,0.8
6,1992-03-03,Edmonton,AB,CAN,CAN,76,206,R,2010,2,36,,23,Alex,Petrovic,FLA,FLA,D,66, , ,66,2,15,9,17,17,53,25,37,3.80%,1.70%,67144,17,1400,21.2,48,84,4.5,0,0,0.00%,,,,0,,0,118,157,76,25,24,9,6.3,8.4,4.1,1.3,1.3,0.5,90,20,8,0,1,0,331,-3.7,,, ,,0,0,0,0,0,0,2,0,0,0,0,0,0,0%,0.8,3.4,4.2,0.06,0.23,4,19.3,26.3,7.4,1.9,4.4,0,6.3,0.1,0.34,53.8,0,0,2,23,1,0,31,6,0,0,15,0,0,0,186,12,Foot,0.9,1.05,1.05,154,0,5.2
26,1987-12-09,Ann Arbor,MI,USA,USA,75,204,R,2006,2,45,,28,Jeff,Petry,MTL,MTL,D,51, , ,51,5,11,5,16,-6,98,44,91,5.10%,2.10%,65350,21.4,1370,26.9,47.7,67,3.7,1,0,100.00%,,,,0,1,1,118,86,73,44,50,16,6.5,4.7,4,2.4,2.8,0.9,16,8,0,0,0,0,175,-0.9,,, ,,1,0,2,0,0,0,2,1,0,0,2,0,0,0%,1,1.8,2.8,0.05,0.15,5,18.4,21.4,-4.4,2,1.9,0,3.9,0.08,0.21,48,0,0,4,40,0,1,34,10,0,0,53,2,0,1,186,31,"Hernia, Lower body, Upper body",7,5.5,5.5,2079,0,-6.6
2,1985-04-10,Edmonton,AB,CAN,CAN,75,227,L,2003,1,9,,30,Dion,Phaneuf,OTT,"TOR, OTT",D,51,19, ,71,4,28,16,32,-7,144,83,131,2.80%,1.10%,95197,22.3,2133,30,44.6,194,7.3,0,0,0.00%,,,,0,,0,92,168,89,83,35,19,3.5,6.4,3.4,3.1,1.3,0.7,90,35,4,0,0,0,351,5.5,,, ,,1,0,0,0,0,0,3,1,0,0,0,0,0,0%,2,2.7,4.7,0.07,0.18,7,31.3,29.8,0,4.5,1.9,0,6.4,0.09,0.24,51,0,2,9,72,3,1,70,24,1,1,44,0,1,4,186,8,Foot,8,7,7,683,0,-7.3
56,1993-02-20,Milford,MI,USA,USA,71,200,L,2011,5,129,Y,22,Blake,Pietila,NJD,NJD,LW,7, , ,7,1,1,1,2,0,10,1,4,10.00%,6.70%,5054,12,118,16.9,42.8,24,17.1,0,0,0.00%,,,,0,,0,13,19,3,1,0,0,9.3,13.5,2.1,0.7,0,0,2,1,0,0,0,0,24,0.8,,, ,,0,0,0,0,0,0,0,0,0,0,1,0,0,0%,0.1,0.1,0.2,0.03,0.14,3,1.4,1.3,0.3,0.3,0.2,0,0.5,0.07,0.36,27.9,0,0,0,1,2,0,0,2,0,0,6,0,0,0,16,0,,0.65,0.662,0.065,0,0.1,0.5
27,1990-01-18,King City,ON,CAN,CAN,75,210,R,2008,1,4,,26,Alex,Pietrangelo,STL,STL,D,73, , ,73,7,30,19,37,10,182,55,82,3.80%,2.20%,115215,26.3,2257,30.9,51,202,6.3,0,0,0.00%,,,,0,,0,153,48,136,55,39,41,4.8,1.5,4.2,1.7,1.2,1.3,20,10,0,0,0,0,204,14.8,1,0,0%,0,0,1,1,0,1,0,1,1,0,0,4,0,0,0%,2.6,5.3,7.9,0.11,0.25,7,36.3,43.4,4.5,5.7,7,-0.2,12.5,0.17,0.39,44.4,0,3,6,46,6,0,60,13,2,0,101,2,0,3,186,9,Knee,6.5,6.5,6.5,713,0,-0.2
11,1991-04-10,Toronto,ON,CAN,CAN,72,183,L,2009,2,59,,24,Brandon,Pirri,ANA,"FLA, ANA",C,52,9, ,61,14,15,10,29,-4,128,64,79,10.90%,5.20%,53130,14.5,1108,18.2,48,99,6.7,66,77,46.20%,,,75,36,68,30,70,66,14,64,26,20,4.7,4.5,0.9,4.3,1.8,1.4,30,15,0,0,0,0,110,-1.6,6,5,83%,2,3,0,3,1,2,0,3,2,2,0,5,1,1,100%,2.4,0.7,3.2,0.05,0.22,2,18.6,15.3,-7.8,4.6,0.7,2.1,7.3,0.12,0.49,36.3,0,3,5,56,7,2,47,23,4,1,44,1,2,1,186,18,"Upper body, Ankle",0.975,0.925,0.925,203,0,6.5
14,1982-10-31,Kladno,,CZE,CZE,71,195,L,2001,3,71,,33,Tomas,Plekanec,MTL,MTL,C,82, , ,82,14,40,21,54,4,189,61,73,7.40%,4.30%,91178,18.5,2197,26.8,41.5,208,8.2,804,811,49.80%,39,19,988,487,627,317,66,60,46,61,45,15,2.6,2.4,1.8,2.4,1.8,0.6,36,18,0,0,0,0,142,0.2,,, ,,2,0,1,3,3,0,1,1,0,0,9,0,0,0%,3.3,1.9,5.2,0.06,0.21,6,34.2,32.1,11.2,5.5,4,0,9.5,0.12,0.38,33.4,1,2,6,52,15,3,26,17,5,4,119,3,1,3,186,0,,5,5,5,0,0,0
61,1990-06-03,KOMSOMOLSK,,RUS,RUS,74,202,L,,,,Y,25,Sergei,Plotnikov,ARI,"PIT, ARI",LW,32,13, ,45,0,3,2,3,-3,41,21,16,0.00%,0.00%,26672,9.9,646,14.4,41.3,59,8,1,1,50.00%,,,2,1,,0,66,107,10,21,15,12,8.9,14.4,1.3,2.8,2,1.6,24,12,0,0,0,0,141,-3.8,,, ,,0,0,0,0,0,0,0,0,0,0,0,0,0,0%,-0.9,0.3,-0.6,-0.01,-0.08,2,5.9,6.1,-4.4,-1.6,0.3,0,-1.2,-0.03,-0.16,28,1,1,2,17,5,0,2,4,1,4,25,0,0,0,186,0,,0.925,0.925,3.775,0,5.7,-8.1
28,1994-12-14,Montreal,QC,CAN,CAN,74,196,L,2013,1,22,Y,21,Emile,Poirier,CGY,CGY,LW/RW,2, , ,2,0,0,0,0,-1,3,4,1,0.00%,0.00%,1667,13.9,39,19.5,42.7,0,0,0,0,0.00%,,,,0,,0,2,4,1,4,0,1,4.3,8.6,2.2,8.6,0,2.2,2,1,0,0,0,0,7,0,,, ,,0,0,0,0,0,0,0,0,0,0,0,0,0,0%,-0.1,0,-0.1,-0.05,-0.22,3,0.3,0.3,-0.9,-0.1,-0.1,0,-0.2,-0.1,-0.43,23.7,0,0,1,3,0,0,1,0,0,0,2,0,0,0,5,0,,0.925,0.894,0.023,0,0,-0.2
46,1986-04-28,Ostrava,,CZE,CZE,72,237,R,2004,6,180,,29,Roman,Polak,SJS,"TOR, SJS",D,55,24, ,79,1,15,8,16,6,91,49,77,1.10%,0.50%,90803,19.2,1940,24.6,46.8,119,4.7,1,0,100.00%,,,,0,1,1,122,303,146,49,43,17,4.8,12,5.8,1.9,1.7,0.7,72,21,4,0,1,0,525,0.4,,, ,,0,0,0,0,1,0,0,0,0,0,0,0,0,0%,0,4,3.9,0.05,0.15,5,19.9,28.8,10.7,1,5.2,0,6.3,0.08,0.25,50.1,0,0,4,45,3,2,43,8,3,0,32,0,0,1,186,0,,3.1,2.75,2.75,0,0,1.6
29,1982-11-30,Repentigny,QC,CAN,USA,72,184,R,2001,2,55,,33,Jason,Pominville,MIN,MIN,RW,74, , ,75,11,25,10,36,10,187,49,50,5.90%,3.80%,73637,16.4,1559,20.8,47.2,112,5.5,37,45,45.10%,1,0,64,29,18,8,67,31,31,49,22,21,3.3,1.5,1.5,2.4,1.1,1,12,6,0,0,0,0,74,4.2,1,1,100%,1,3,0,2,2,2,0,2,0,0,1,6,0,0,0%,1.9,1.9,3.8,0.05,0.19,4,25.6,20.9,11,3.1,3.3,0.5,6.9,0.09,0.34,35.8,1,6,0,42,10,2,59,21,7,2,86,1,1,5,186,7,Lower body,5.75,5.6,5.6,478,0,-3.8
7,1984-05-29,Toronto,ON,CAN,CAN,73,206,L,2003,9,282,,31,Chris,Porter,MIN,MIN,LW,60, , ,61,4,3,1,7,-6,45,20,21,8.90%,4.70%,35269,9.6,862,14.1,40.9,19,1.9,0,1,0.00%,,,,0,1,0,62,157,12,20,8,15,6.3,16,1.2,2,0.8,1.5,6,3,0,0,0,0,175,2.5,,, ,,0,0,0,0,1,0,1,0,1,0,1,0,0,0%,-0.4,0.5,0.1,0,0.01,3,9,11.1,-7.6,-0.9,0.9,0,0,0,0,33.5,0,1,1,18,6,2,4,5,6,1,21,0,0,0,0,0,,0,0,0,0,0,0
11,1986-03-12,Detroit,MI,USA,USA,71,191,L,2004,4,119,,29,Kevin,Porter,PIT,PIT,C,41, , ,41,0,3,2,3,-2,34,12,11,0.00%,0.00%,27845,11.3,666,16.2,41.8,53,6.9,44,43,50.60%,,,58,30,29,14,47,96,25,12,8,7,6.1,12.4,3.2,1.6,1,0.9,0,0,0,0,0,0,121,2.7,,, ,,0,0,0,0,0,0,0,0,0,0,0,0,0,0%,-1,0.4,-0.6,-0.01,-0.08,5,5.7,7.7,-3.6,-1.5,1.1,0,-0.4,-0.01,-0.05,29.1,0,1,1,10,4,0,2,6,0,0,22,0,0,0,139,19,Ankle,0.575,0.575,0.43,133,0,-0.4
4,1989-02-22,Red Deer,AB,CAN,CAN,75,195,R,2007,7,205,,26,Paul,Postma,WPG,WPG,D,25, , ,26,2,0,0,2,-3,24,13,21,8.30%,3.40%,17866,11.5,404,15.5,44.2,0,0,0,0,0.00%,,,,0,,0,32,13,14,13,8,4,6.4,2.6,2.8,2.6,1.6,0.8,4,2,0,0,0,0,31,-0.6,,, ,,1,0,0,0,0,0,1,0,0,0,1,0,0,0%,0.1,0.3,0.4,0.02,0.08,0,6.6,5.8,-1.2,-0.5,0.2,0,-0.2,-0.01,-0.04,52.1,0,0,1,12,1,0,9,1,0,0,13,0,0,0,172,0,,0.85,0.887,0.821,0,0,-0.9
21,1984-01-05,Lansing,MI,USA,USA,75,204,R,2003,4,122,,32,Corey,Potter,NSH,NSH,D,1, , ,1,0,0,0,0,0,0,1,0,0.00%,0.00%,884,14.7,19,19,46.5,0,0,0,0,0.00%,,,,0,,0,0,0,1,1,0,0,0,0,4.1,4.1,0,0,0,0,0,0,0,0,1,0.1,,, ,,0,0,0,0,0,0,0,0,0,0,0,0,0,0%,0,0,0,0,0,1,0.1,0.1,0,0,0,0,0,0,0,0,0,0,0,1,0,0,0,0,0,0,0,0,0,0,0,0,,0,0,0,0,0,0
67,1986-09-29,Alfred,ON,CAN,CAN,75,200,L,2005,1,4,,29,Benoit,Pouliot,EDM,EDM,LW,54, , ,55,14,22,12,36,-6,109,41,24,12.80%,8.00%,52963,16,1251,22.7,42.3,134,9.1,20,29,40.80%,,,30,12,19,8,40,35,25,41,29,32,2.7,2.4,1.7,2.8,2,2.2,30,15,0,0,0,0,90,-1.7,,, ,,3,0,0,0,1,1,0,2,6,0,4,0,1,100%,3.1,0.9,4,0.07,0.27,4,23,18.3,3.1,4.8,1.2,0,6,0.11,0.41,25.2,0,1,3,37,8,4,6,25,15,0,51,0,0,2,186,27,"Shoulder, Lower body, Illness",4,4,4,1317,0,-1.3
51,1994-01-16,Estevan,SK,CAN,CAN,72,208,L,2012,1,8,,22,Derrick,Pouliot,PIT,PIT,D,22, , ,22,0,7,2,7,4,25,10,25,0.00%,0.00%,20398,15.5,466,21.2,43.8,27,4.8,0,0,0.00%,,,,0,,0,37,16,18,10,3,6,6.5,2.8,3.2,1.8,0.5,1.1,2,1,0,0,0,0,36,1.5,,, ,,0,0,0,0,0,0,0,0,0,0,0,0,0,0%,0.4,1,1.3,0.06,0.23,3,5.9,6.5,3,1.1,1,0,2.1,0.1,0.37,46.6,0,0,2,8,1,0,10,3,0,0,11,0,1,0,83,0,,0.833,0.863,0.575,0,0.425,1.4
11,1992-11-16,Rochester,NY,USA,USA,71,185,L,2011,2,61,Y,23,Shane,Prince,NYI,"OTT, NYI",C/LW,42,20, ,62,6,11,6,17,5,88,27,40,6.80%,3.90%,41776,11.2,928,15,45,70,6,4,1,80.00%,,,4,4,1,0,60,24,14,27,24,19,5.2,2.1,1.2,2.3,2.1,1.6,10,5,0,0,0,0,48,6.8,,, ,,2,0,1,0,0,0,0,1,1,0,4,0,0,0%,0.7,0.9,1.6,0.03,0.14,2,14.3,14.1,4.7,0.9,1.7,0,2.6,0.04,0.22,31.1,3,2,5,17,5,1,8,14,3,0,57,1,1,0,186,0,,0.7,0.7,0.7,0,0,2.3
39,1986-05-07,Elk River,MN,USA,USA,74,202,R,,,,,29,Nate,Prosser,MIN,MIN,D,53, , ,54,0,3,1,3,1,20,9,16,0.00%,0.00%,36882,11.4,889,16.5,41.5,3,0.3,0,0,0.00%,,,,0,,0,66,34,73,9,16,5,6.4,3.3,7.1,0.9,1.6,0.5,39,12,3,0,0,0,149,-2.6,,, ,,0,0,0,0,0,0,0,0,0,0,0,0,0,0%,-0.4,1.5,1.1,0.02,0.11,2,9.1,13,-0.9,-1.1,1.5,0,0.5,0.01,0.05,47.9,0,0,2,7,0,0,4,2,0,0,14,0,0,0,186,10,"Illness, Hand, Back",0.6,0.625,0.625,76,0,0.3
47,1990-03-13,Kingsville,ON,CAN,CAN,75,230,R,2010,6,154,,25,Dalton,Prout,CBJ,CBJ,D,63, , ,64,3,6,4,9,-6,69,22,60,4.30%,2.00%,62103,16.2,1390,21.7,44.7,42,2.4,0,1,0.00%,,,1,0,,0,73,139,70,22,25,7,4.2,8.1,4.1,1.3,1.4,0.4,102,29,4,2,0,0,315,-19.8,,, ,,0,0,0,1,1,0,0,0,0,0,2,0,0,0%,0.1,1.6,1.6,0.03,0.09,1,16.5,21.3,-2.6,-0.2,1.4,0,1.3,0.02,0.08,58.1,0,2,2,18,2,0,27,22,0,0,18,0,0,0,186,0,,1.1,1.075,1.075,0,0,0.2
9,1984-03-16,London,ON,CAN,CAN,72,195,L,2004,3,70,,31,Brandon,Prust,VAN,VAN,LW/C,35, , ,35,1,6,4,7,-3,19,11,7,5.30%,2.70%,26847,12.8,621,17.7,43.2,81,10.9,6,5,54.50%,,,5,3,6,3,22,40,15,11,15,5,3,5.4,2,1.5,2,0.7,59,2,7,2,0,0,121,0.1,,, ,,0,0,1,0,0,0,0,0,0,0,1,0,0,0%,-0.4,0.4,0.1,0,0.01,4,6,7.3,-1.4,-0.1,0.7,0,0.7,0.02,0.09,26.4,0,1,1,9,1,0,2,4,0,0,12,0,0,1,186,12,"Leg, Ankle",2,2.5,2.157,366,0,-2.7
26,1993-01-24,Windsor,ON,CAN,CAN,74,204,L,2011,1,24,Y,23,Matt,Puempel,OTT,OTT,LW,26, , ,26,2,1,0,3,-3,26,11,15,7.70%,3.80%,17687,11.3,423,16.3,41.8,0,0,1,1,50.00%,,,2,1,,0,21,18,10,11,5,6,4.3,3.7,2,2.2,1,1.2,9,2,1,0,0,0,38,-1.4,1,0,0%,0,0,0,1,0,1,0,0,0,0,0,1,0,0,0%,-0.2,0.1,-0.1,0,-0.02,2,4.8,4.6,-2.8,-0.7,0.1,-0.2,-0.7,-0.03,-0.14,29.1,0,0,1,10,3,1,2,2,3,0,15,0,0,0,74,0,,0.833,0.863,0.428,0,0.213,-1.1
56,1992-01-02,Vantaa,,FIN,FIN,71,183,R,2010,4,111,,24,Teemu,Pulkkinen,DET,DET,LW/RW,35, , ,36,6,6,3,12,2,65,39,31,9.20%,4.40%,24985,11.6,590,16.4,42.3,18,2.6,0,1,0.00%,,,1,0,,0,39,5,8,39,12,12,5.6,0.7,1.2,5.6,1.7,1.7,14,6,0,0,0,0,27,1.8,,, ,,0,1,1,0,0,2,2,0,0,0,2,0,0,0%,0.9,0.6,1.4,0.04,0.2,2,7.3,6,2.7,2.1,0.8,0,2.9,0.08,0.42,34,0,0,2,37,2,2,15,9,2,0,35,1,0,1,186,20,"Undisclosed, Shoulder, Soreness",0.735,0.735,0.735,179,0,2.5
6,1994-10-06,Dauphin,MB,CAN,CAN,74,215,R,2013,1,15,Y,21,Ryan,Pulock,NYI,NYI,D,15, , ,15,2,2,1,4,1,15,13,13,13.30%,4.90%,14156,15.7,299,19.9,47.3,7,1.8,0,0,0.00%,,,,0,,0,15,13,11,13,5,3,3.8,3.3,2.8,3.3,1.3,0.8,5,0,1,0,0,0,30,2,,, ,,1,0,0,0,0,0,0,2,0,0,0,0,0,0%,0.4,0.6,1,0.07,0.25,2,4.8,5.2,0.6,0.7,0.5,0,1.2,0.08,0.31,56.9,1,1,0,11,0,0,7,5,0,0,3,0,1,0,54,0,,0.925,0.894,0.396,0,0.5,0.7
26,1985-09-08,St. John's,NL,CAN,CAN,74,195,R,,,,,30,Teddy,Purcell,FLA,"EDM, FLA",RW/LW,60,15, ,76,14,29,15,43,-11,149,63,72,9.40%,4.90%,76744,16.8,1696,22.3,45.3,134,6.3,2,4,33.30%,,,6,2,,0,64,31,15,63,34,31,3,1.5,0.7,3,1.6,1.5,12,6,0,0,0,0,58,2,1,1,100%,1,2,1,2,1,1,1,0,5,1,0,6,0,0,0%,2.8,1.1,3.9,0.05,0.18,4,30.8,27.6,-3.1,3.8,1.9,0.5,6.2,0.08,0.29,33.7,0,3,6,54,10,1,15,35,3,0,85,2,3,1,186,4,Groin,4.5,4.5,4.5,220,0,-2.2
3,1992-01-11,Sherwood Park,AB,CAN,CAN,73,200,R,2010,1,23,,24,Mark,Pysyk,BUF,BUF,D,55, , ,55,1,10,6,11,-1,44,27,31,2.30%,1.00%,52480,15.9,1277,23.2,41.1,66,4.5,0,0,0.00%,,,,0,,0,53,37,49,27,21,9,3.6,2.5,3.4,1.9,1.4,0.6,32,16,0,0,0,0,118,-8.2,,, ,,0,0,0,0,0,0,0,1,0,0,0,0,0,0%,0.3,2.1,2.4,0.04,0.16,0,16.3,18,3.3,0.3,2.3,0,2.6,0.05,0.18,50.3,0,1,1,25,0,1,13,9,0,0,21,0,0,0,186,22,Lower body,1,1.125,1.125,302,0,1.4
27,1985-08-12,Kitchener,ON,CAN,CAN,74,216,L,2003,4,132,,30,Kyle,Quincey,DET,DET,D,46, , ,47,4,7,0,11,1,62,16,35,6.50%,3.50%,55733,19.8,1344,28.6,41.5,0,0,0,0,0.00%,,,,0,,0,73,49,62,16,26,8,4.7,3.2,4,1,1.7,0.5,36,18,0,0,0,0,147,-3.6,,, ,,0,0,2,2,0,0,2,0,0,0,2,0,0,0%,0.5,2.3,2.8,0.06,0.18,4,15.4,21.7,1.9,1,3,0,4.1,0.09,0.26,55.3,0,0,2,14,3,1,36,8,0,0,14,0,0,1,186,35,"Ankle, Concussion",4.25,4.25,4.25,1814,0,-3.8
10,1993-02-25,Belleville,ON,CAN,CAN,72,200,L,2013,6,166,Y,22,Alan,Quine,NYI,NYI,C,2, , ,2,1,0,0,1,0,5,5,2,20.00%,8.30%,2131,17.8,45,22.5,47.4,0,0,16,10,61.50%,,,20,11,6,5,0,3,3,5,2,1,0,5.1,5.1,8.4,3.4,1.7,0,0,0,0,0,0,6,-0.1,,, ,,0,0,0,0,0,0,0,0,0,0,1,0,0,0%,0.1,0,0.2,0.1,0.34,3,0.3,0.3,1,0.4,0.1,0,0.5,0.25,0.84,29.6,0,0,2,3,0,0,0,2,0,0,3,0,0,1,1,0,,0.62,0.595,0.003,0,0,0.5
12,1988-12-01,Villach,,AUT,AUT,72,200,L,,,,,27,Michael,Raffl,PHI,PHI,LW,81, , ,82,13,18,10,31,9,132,61,46,9.80%,5.40%,70353,14.3,1638,20,43,118,6,33,49,40.20%,,,48,17,34,16,195,135,34,61,22,31,10,6.9,1.7,3.1,1.1,1.6,30,14,0,0,0,0,199,2.7,,, ,,4,0,4,0,2,1,0,2,5,0,3,0,0,0%,1.6,1.8,3.4,0.04,0.17,5,21.9,20.9,6.4,3.1,2.8,0,5.9,0.07,0.3,27.6,1,0,3,57,14,1,6,29,14,1,67,2,1,2,186,0,,1.2,1.1,1.1,0,0,4.7
67,1993-05-05,Sundbyberg,,SWE,SWE,74,201,R,2011,1,30,,22,Rickard,Rakell,ANA,ANA,C,72, , ,72,20,23,13,43,-1,169,77,61,11.80%,6.50%,69431,16.1,1479,20.5,46.9,136,7.1,197,254,43.70%,5,5,303,133,148,64,148,121,30,77,36,29,7.7,6.3,1.6,4,1.9,1.5,19,7,1,0,0,0,171,10.2,1,0,0%,0,5,2,7,0,4,0,3,1,3,1,8,0,0,0%,3.9,1.5,5.4,0.08,0.28,5,30.4,25.3,-2.2,4.9,1.9,-0.2,6.6,0.09,0.34,26.3,0,2,6,69,25,0,20,11,15,2,97,6,3,6,186,10,"Illness, Upper body",0.833,0.894,0.894,109,0,5.9
55,1991-02-07,Mississauga,ON,CAN,CAN,72,200,R,2010,4,103,Y,25,John,Ramage,CBJ,CBJ,D,1, , ,1,0,0,0,0,-2,0,0,0,0.00%,0.00%,849,14.2,18,18,47.2,0,0,0,0,0.00%,,,,0,,0,2,0,4,0,0,0,8.5,0,17,0,0,0,0,0,0,0,0,0,4,0.1,,, ,,0,0,0,0,0,0,0,0,0,0,0,0,0,0%,0,-0.1,-0.2,-0.2,-0.85,2,0.4,0.4,-1.9,-0.1,-0.2,0,-0.3,-0.3,-1.27,0,0,0,0,0,0,0,0,0,0,0,0,0,0,0,1,0,,0.6,0.6,0.003,0,0,-0.3
64,1991-06-15,Scarborough,ON,CAN,CAN,73,198,R,2009,6,176,Y,24,Tyler,Randell,BOS,BOS,RW,27, , ,27,6,0,0,6,-2,18,2,1,33.30%,28.60%,11312,7,275,10.2,41.1,0,0,0,0,0.00%,,,,0,,0,16,39,8,2,1,6,5.1,12.4,2.5,0.6,0.3,1.9,47,6,5,1,0,0,99,-2.3,,, ,,0,0,1,0,1,0,0,1,2,0,2,0,0,0%,0.8,0.1,0.9,0.03,0.29,3,5.4,5.1,-1.9,0.8,0.2,0,1,0.04,0.32,30.5,0,0,0,2,2,0,2,5,2,0,7,0,0,1,186,0,,0.6,0.6,0.6,0,0,0.9
96,1996-10-29,Nousiainen,,FIN,FIN,76,211,L,2015,1,10,Y,19,Mikko,Rantanen,COL,COL,RW,9, , ,9,0,0,0,0,-7,9,2,6,0.00%,0.00%,4837,9,115,12.8,42.1,0,0,13,11,54.20%,,,16,9,8,4,5,0,11,2,1,1,3.7,0,8.2,1.5,0.7,0.7,2,1,0,0,0,0,13,-0.1,,, ,,0,0,0,0,0,0,0,0,0,0,0,0,0,0%,-0.2,-0.2,-0.4,-0.04,-0.3,2,1.8,1.8,-6.6,-0.8,-0.5,0,-1.3,-0.14,-0.97,28.7,0,0,0,2,0,1,0,0,0,0,8,0,0,0,23,0,,0.925,0.925,0.205,0,0.5,-1.6
49,1993-03-01,Leksand,,SWE,SWE,74,200,L,2011,2,42,,22,Victor,Rask,CAR,CAR,C,79, , ,80,21,27,10,48,-6,160,75,60,13.10%,7.10%,81519,17,1797,22.5,45.4,86,3.8,479,456,51.20%,12,8,585,321,350,158,87,32,34,75,31,42,3.8,1.4,1.5,3.3,1.4,1.9,24,12,0,0,0,0,90,2.2,2,0,0%,0,4,2,5,0,3,1,0,5,1,0,11,0,0,0%,4,1.6,5.6,0.07,0.25,4,35.1,29.1,4.6,4.9,3.3,-0.4,7.7,0.1,0.34,30.9,2,3,3,67,13,7,6,47,6,0,81,2,2,5,186,2,Upper body,0.75,0.681,0.863,19,0.083,7
70,1990-07-03,Vasteras,,SWE,SWE,75,205,L,,,,Y,25,Dennis,Rasmussen,CHI,CHI,C/LW,44, , ,44,4,5,1,9,9,42,11,14,9.50%,6.00%,24192,9.2,600,13.6,40.3,10,1.5,144,163,46.90%,1,1,184,88,123,56,62,36,20,11,5,7,9.2,5.4,3,1.6,0.7,1,4,2,0,0,0,0,60,4.2,,, ,,2,0,1,0,0,0,0,0,2,0,2,0,0,0%,0.3,0.8,1.2,0.03,0.18,3,8.2,8,8.5,0.2,1.7,0,1.9,0.04,0.28,28.1,0,0,2,9,4,1,3,1,5,3,25,0,1,0,125,0,,0.575,0.575,0.386,0,0,1.9
18,1993-02-05,Calgary,AB,CAN,CAN,72,178,R,2011,2,32,Y,23,Ty,Rattie,STL,STL,RW,13, , ,13,4,2,2,6,1,16,6,2,25.00%,16.70%,7244,9.3,185,14.2,39.2,9,4.5,0,0,0.00%,,,,0,,0,12,6,2,6,2,2,6,3,1,3,1,1,4,2,0,0,0,0,12,-0.2,,, ,,2,0,0,0,0,1,1,0,1,0,1,0,0,0%,0.8,0.2,1,0.08,0.5,1,3.5,3.3,0.5,1.2,0.4,0,1.6,0.12,0.8,21.9,0,1,0,5,1,1,2,0,2,0,10,0,1,0,37,0,,,0.772,0.178,0,0,1.5
92,1992-10-24,Eden Prairie,MN,USA,USA,68,178,L,2011,3,91,Y,23,Kyle,Rau,FLA,FLA,C,9, , ,9,0,0,0,0,-1,15,8,5,0.00%,0.00%,6799,12.6,158,17.6,43,0,0,0,0,0.00%,,,,0,,0,14,4,3,8,1,3,7.4,2.1,1.6,4.2,0.5,1.6,2,1,0,0,0,0,9,-0.2,,, ,,0,0,0,0,0,0,0,0,0,0,0,0,0,0%,-0.3,0.1,-0.2,-0.02,-0.11,0,1.8,1.5,-1.4,-0.8,0,0,-0.8,-0.09,-0.42,29.9,0,0,0,8,1,0,0,3,0,2,9,0,0,0,23,0,,0.792,0.859,0.106,0,0,-0.9
21,1985-09-17,Cochrane,AB,CAN,CAN,73,179,L,2005,2,51,,30,Mason,Raymond,CGY,CGY,LW/RW,29, , ,29,4,1,0,5,-3,53,15,19,7.50%,4.60%,21474,12.3,526,18.1,40.8,0,0,3,4,42.90%,,,6,3,1,0,14,12,7,15,11,8,2.3,2,1.2,2.5,1.8,1.3,8,4,0,0,0,0,27,-0.4,,, ,,1,0,0,0,0,0,0,1,2,0,1,0,0,0%,0,0.2,0.2,0.01,0.03,0,6,5.8,-1.4,-0.3,0.5,0,0.1,0,0.02,32.5,1,2,1,11,1,1,4,5,4,0,38,0,0,0,186,0,,3.15,3.15,2.807,0,0,-4.7
24,1986-06-14,Ilderton,ON,CAN,CAN,70,185,R,,,,,29,Matt,Read,PHI,PHI,RW/LW,78, , ,79,11,15,8,26,-5,127,61,27,8.70%,5.10%,72300,15.3,1663,21.1,43.5,99,4.9,24,26,48.00%,,,44,20,6,4,133,81,60,61,20,34,6.6,4,3,3,1,1.7,27,11,1,0,0,0,169,-4.1,1,0,0%,0,2,1,2,2,3,0,1,3,0,0,4,0,0,0%,0.7,1.2,1.9,0.02,0.09,2,22.2,23.7,-5.3,1,2.1,-0.2,2.8,0.04,0.14,33.1,0,2,6,53,14,2,14,26,5,0,66,2,0,0,186,0,,4,3.625,3.625,0,0,-3.7
75,1987-01-20,Winnipeg,MB,CAN,CAN,73,224,R,2005,5,156,,29,Ryan,Reaves,STL,STL,RW,64, , ,64,3,1,0,4,-6,31,10,14,9.70%,5.50%,30831,8,762,11.9,40.5,0,0,1,1,50.00%,,,,0,2,1,59,206,10,10,7,8,6.9,24.1,1.2,1.2,0.8,0.9,68,9,6,0,2,0,290,-3.9,,, ,,0,0,0,0,0,0,0,1,0,0,2,0,0,0%,-0.6,0.4,-0.3,0,-0.04,1,7.3,6.9,-6.7,-1.4,0.2,0,-1.2,-0.02,-0.14,24.3,0,0,0,10,3,0,3,3,5,1,16,0,0,0,186,0,,1.125,1.125,1.125,0,0,-2.4
22,1988-07-26,Traverse City,MI,USA,USA,74,205,R,2008,7,184,,27,Zach,Redmond,COL,COL,D,37, , ,37,2,4,4,6,5,22,18,22,9.10%,3.20%,26149,11.8,625,16.9,41.8,42,5.8,0,0,0.00%,,,,0,,0,31,47,39,18,12,6,4.3,6.5,5.4,2.5,1.7,0.8,10,5,0,0,0,0,96,-1,,, ,,0,0,0,0,0,0,1,1,0,0,0,0,0,0%,0.3,1.4,1.7,0.05,0.23,2,8.1,8.6,6.9,0.5,1.5,0,2,0.05,0.28,47.3,0,1,3,14,0,0,4,5,0,0,13,0,0,0,150,0,,0.8,0.75,0.605,0,0,1.7
37,1989-05-17,Westlock,AB,CAN,CAN,71,189,R,2008,5,137,,26,Brent,Regner,FLA,FLA,D,7, , ,7,0,0,0,0,-2,7,1,2,0.00%,0.00%,4865,11.6,112,16,43.4,0,0,0,0,0.00%,,,,0,,0,7,4,7,1,1,0,5.2,3,5.2,0.7,0.7,0,4,2,0,0,0,0,15,-1.6,,, ,,0,0,0,0,0,0,0,0,0,0,0,0,0,0%,-0.1,0,-0.1,-0.01,-0.07,2,0.8,0.9,-2.2,-0.2,-0.2,0,-0.4,-0.06,-0.3,48.7,0,0,0,1,0,0,1,5,0,0,1,0,0,0,14,0,,0.6,0.6,0.045,0,0,-0.4
4,1993-07-13,Chicago,IL,USA,USA,74,191,L,2011,4,98,Y,22,Mike,Reilly,MIN,MIN,D,28, , ,29,1,6,2,7,-4,27,6,18,3.70%,2.00%,21024,12.1,487,16.8,43.2,32,5.5,0,0,0.00%,,,,0,,0,27,3,23,6,10,2,4.6,0.5,3.9,1,1.7,0.3,8,4,0,0,0,0,34,-0.4,,, ,,0,0,0,0,0,0,0,0,0,0,1,0,0,0%,0.5,0.5,0.9,0.03,0.15,2,8.5,7.5,-4,0.6,0.3,0,1,0.03,0.17,44.1,0,1,1,4,3,0,14,2,0,1,7,0,0,0,74,0,,0.925,0.925,0.368,0,0,0.7
8,1994-01-24,North Vancouver,BC,CAN,CAN,76,212,L,2012,1,4,Y,22,Griffin,Reinhart,EDM,EDM,D,29, , ,29,0,1,0,1,-6,24,10,27,0.00%,0.00%,31450,18.1,706,24.3,44.5,0,0,0,0,0.00%,,,,0,,0,42,62,46,10,26,6,4.8,7.1,5.3,1.1,3,0.7,20,10,0,0,0,0,128,-3,,, ,,0,0,0,0,0,0,0,0,0,0,0,0,0,0%,-0.5,0.7,0.2,0.01,0.02,3,8.4,9.9,-2.7,-1.6,0.4,0,-1.2,-0.04,-0.14,52.2,1,0,1,8,0,0,11,6,0,0,7,0,0,1,96,6,Undisclosed,0.833,0.863,1.658,235,2.35,-4.1
23,1995-11-06,West Vancouver,BC,CAN,CAN,73,189,R,2014,1,2,Y,20,Sam,Reinhart,BUF,BUF,C/RW,79, , ,79,23,19,13,42,-8,165,58,52,13.90%,8.40%,79803,16.8,1605,20.3,49.7,157,7.1,36,72,33.30%,,,66,20,42,16,121,26,26,58,20,19,5.5,1.2,1.2,2.6,0.9,0.9,8,4,0,0,0,0,60,7.5,2,1,50%,1,3,0,3,1,3,2,1,5,4,0,8,0,0,0%,3.8,1.5,5.2,0.07,0.23,5,33.4,25.5,1.5,4.4,1.7,0.2,6.3,0.08,0.28,24.3,0,3,5,50,18,12,9,25,15,1,85,6,4,3,186,3,Upper body,0.925,0.894,3.544,130,2.65,-0.1
71,1992-03-25,Zagreb,,HRV,HRV,74,200,R,,,,Y,23,Borna,Rendulic,COL,COL,RW,3, , ,3,0,0,0,0,-2,1,1,1,0.00%,0.00%,1355,7.5,32,10.7,42.3,0,0,0,3,0.00%,,,2,0,1,0,0,1,3,1,0,1,0,2.7,8,2.7,0,2.7,0,0,0,0,0,0,4,0,,, ,,0,0,0,0,0,0,0,0,0,0,0,0,0,0%,-0.1,-0.1,-0.1,-0.03,-0.27,1,0.5,0.5,-1.9,-0.2,-0.1,0,-0.4,-0.13,-1.06,25,0,0,0,1,0,0,0,0,0,0,1,0,0,0,13,0,,0.63,0.62,0.043,0,0,-0.4
63,1980-02-10,Montreal,QC,CAN,CAN,72,179,L,1998,2,45,,36,Mike,Ribeiro,NSH,NSH,C,80, , ,81,7,43,19,50,11,76,27,20,9.20%,5.70%,84805,17.4,1725,21.3,49.2,190,8.1,288,472,37.90%,25,10,485,185,275,103,76,61,20,27,50,22,3.2,2.6,0.8,1.1,2.1,0.9,62,10,0,4,0,0,143,-1.7,,, ,,1,0,0,0,0,0,1,0,2,0,4,0,0,0%,2.6,2.1,4.6,0.06,0.2,4,33.7,27.5,11.7,3.8,3.8,0,7.5,0.09,0.32,29.8,0,1,3,23,7,2,16,7,6,1,37,1,2,3,372,0,,3.5,3.5,4.944,0,0,-0.7
17,1980-05-02,Murray Hbr.,PE,CAN,CAN,72,199,L,1998,3,64,,35,Brad,Richards,DET,DET,C,67, , ,68,10,18,14,28,4,164,56,87,6.10%,3.30%,60361,14.8,1302,19.1,46.4,131,7.8,124,126,49.60%,4,3,157,74,93,50,37,16,12,56,22,15,2.2,1,0.7,3.3,1.3,0.9,8,4,0,0,0,0,36,-2.4,5,2,40%,1,5,0,1,0,0,1,3,2,0,0,4,0,0,0%,1.5,1.3,2.8,0.04,0.17,4,21,14.4,7,2.4,1.5,0.3,4.1,0.06,0.24,37.1,1,2,5,48,14,3,37,44,3,0,63,1,1,3,372,13,Upper body,3,3,4,634,1,-2.1
10,1985-02-11,Kenora,ON,CAN,CAN,71,196,L,2003,1,24,,30,Mike,Richards,WSH,WSH,C/LW,39, , ,39,2,3,3,5,-2,46,18,13,4.30%,2.60%,28490,12.2,678,17.4,42,63,8,235,240,49.50%,2,1,308,149,167,86,25,39,19,18,10,12,3.2,4.9,2.4,2.3,1.3,1.5,8,4,0,0,0,0,66,-0.4,,, ,,1,0,1,0,0,0,0,0,0,0,2,0,0,0%,-0.5,0.4,-0.1,0,-0.01,3,6.1,10.4,-4.2,-0.6,2.1,0,1.5,0.04,0.19,24.5,0,1,3,14,6,1,0,4,8,0,27,1,1,0,281,0,,4.12,4.12,3.631,0,0,-4.5
12,1985-02-04,Belleville,ON,CAN,CAN,72,197,L,2003,5,163,,31,Brad,Richardson,ARI,ARI,RW/C,81, , ,82,11,20,12,31,8,117,39,54,9.40%,5.20%,76858,15.6,1742,21.2,44.1,104,4.9,523,438,54.40%,34,22,611,333,350,190,87,57,53,39,15,26,4.1,2.7,2.5,1.8,0.7,1.2,46,17,2,0,0,0,158,-5.9,,, ,,0,0,3,1,3,0,0,1,0,0,7,0,1,100%,1.2,1.7,2.9,0.04,0.14,4,22.4,27.3,9.1,3,3.8,0,6.8,0.08,0.32,27,0,2,5,32,22,1,4,8,6,2,74,0,1,0,186,0,,1.75,2.083,2.083,0,0,3.5
8,1993-01-10,Landshut,,DEU,DEU,71,185,L,2011,4,114,,23,Tobias,Rieder,ARI,ARI,RW/C,81, , ,82,14,23,14,37,-21,189,79,81,7.40%,4.00%,85143,17.3,1938,23.6,43.9,179,7.6,10,19,34.50%,,,16,7,13,3,127,54,43,79,11,31,5.4,2.3,1.8,3.3,0.5,1.3,10,5,0,0,0,0,107,16,,, ,,5,0,1,1,2,0,2,2,0,0,8,0,0,0%,1.8,0.6,2.5,0.03,0.11,6,30.2,31.3,-15.8,2.1,0.9,0,3,0.04,0.13,28.1,3,2,9,65,31,1,14,11,9,4,119,1,3,4,186,0,,0.925,0.853,0.925,0,0,2.2
44,1994-03-09,Vancouver,BC,CAN,CAN,73,214,L,2012,1,5,,21,Morgan,Rielly,TOR,TOR,D,81, , ,82,9,27,8,36,-17,167,120,136,5.40%,2.10%,114277,23.2,2493,30.4,45.8,92,2.9,0,0,0.00%,,,,0,,0,121,58,122,120,72,35,3.8,1.8,3.8,3.8,2.3,1.1,28,14,0,0,0,0,208,3.2,,, ,,1,0,0,0,0,0,0,2,0,0,7,0,0,0%,2.6,3,5.6,0.07,0.18,7,42.7,46.1,-3.1,3.9,3.8,0,7.7,0.09,0.24,52.6,2,4,13,101,6,0,26,31,1,0,103,0,2,1,186,0,,0.833,0.894,1.744,0,0.85,5.2
36,1990-06-15,Mississauga,ON,CAN,CAN,70,188,L,2008,6,178,,25,Zac,Rinaldo,BOS,BOS,C/LW/RW,52, , ,52,1,2,1,3,-5,38,16,10,2.60%,1.60%,25883,8.3,618,11.9,41.9,13,1.8,0,1,0.00%,,,1,0,,0,62,154,15,16,9,8,8.6,21.4,2.1,2.2,1.3,1.1,83,14,7,1,1,0,259,-2.9,,, ,,0,0,0,0,0,0,0,1,0,0,0,0,0,0%,-0.8,0.2,-0.5,-0.01,-0.07,3,8.1,8.1,-5,-2.4,0.3,0,-2.1,-0.04,-0.29,31.8,0,0,4,12,2,0,3,10,1,0,22,0,0,0,145,3,Upper body,0.85,0.85,0.663,31,0,-2.6
55,1994-10-27,Turku,,FIN,FIN,76,207,R,2013,1,8,,21,Rasmus,Ristolainen,BUF,BUF,D,82, , ,82,9,32,15,41,-21,202,61,133,4.50%,2.30%,124381,25.3,2573,31.4,48.3,158,4.6,0,0,0.00%,,,,0,,0,169,139,137,61,48,20,4.9,4,4,1.8,1.4,0.6,33,9,1,1,0,0,310,15.9,,, ,,1,0,1,1,0,1,3,0,0,0,5,0,0,0%,3.2,3.5,6.7,0.08,0.19,6,48.4,45.1,-10.3,5.1,3.2,0,8.3,0.1,0.24,53.8,0,3,9,49,6,1,85,25,1,1,83,3,4,2,186,0,,0.925,0.925,1.775,0,0.85,5.7
25,1993-07-01,Orangeville,ON,CAN,CAN,75,220,R,2011,2,44,,22,Brett,Ritchie,DAL,DAL,RW,8, , ,8,0,1,0,1,-3,15,5,5,0.00%,0.00%,5569,11.6,136,17,40.9,0,0,0,0,0.00%,,,,0,,0,11,30,3,5,3,2,7.1,19.4,1.9,3.2,1.9,1.3,7,1,1,0,0,0,41,0.9,,, ,,0,0,0,0,0,0,0,0,0,0,0,0,0,0%,-0.1,0,-0.2,-0.03,-0.13,4,2.1,1.7,-2.8,-0.6,-0.2,0,-0.8,-0.1,-0.52,27.8,0,0,1,4,2,0,1,0,0,0,12,0,0,0,97,33,"Lower body, Wrist",0.833,0.814,0.31,328,0,-0.8
37,1995-12-05,Orangeville,ON,CAN,CAN,74,232,L,2014,1,10,Y,20,Nick,Ritchie,ANA,ANA,LW,33, , ,33,2,2,1,4,-2,55,24,22,3.60%,2.00%,23289,11.8,527,16,44.2,23,3.6,1,2,33.30%,,,,0,3,1,41,93,10,24,4,8,6.3,14.4,1.5,3.7,0.6,1.2,37,11,1,1,0,0,141,-7.5,,, ,,0,0,0,0,0,0,0,0,1,0,1,0,0,0%,-0.4,0.4,0,0,0,1,5.4,4.9,-3.1,-0.7,0.2,0,-0.5,-0.02,-0.08,28.9,0,2,1,21,10,0,0,0,3,2,40,0,0,0,73,0,,0.925,0.894,0.639,0,0.5,-1.4
55,1991-09-30,Bellmawr,NJ,USA,USA,78,232,R,,,,Y,24,Buddy,Robinson,OTT,OTT,RW,3, , ,3,1,1,0,2,2,5,0,2,20.00%,14.30%,1548,8.6,42,14,36.9,0,0,0,1,0.00%,,,1,0,,0,2,11,1,0,1,0,4.7,25.6,2.3,0,2.3,0,4,2,0,0,0,0,16,0,,, ,,0,0,1,0,0,1,0,0,0,0,0,0,0,0%,0.3,0.1,0.4,0.13,0.93,3,1,0.9,2,0.5,0.3,0,0.8,0.27,1.86,39.6,0,0,0,0,2,1,0,1,0,0,1,0,0,1,6,0,,0.925,0.925,0.04,0,0.3,0.8
71,1993-07-28,Toronto,ON,CAN,CAN,71,174,R,,,,Y,22,Evan,Rodrigues,BUF,BUF,LW,2, , ,2,1,1,0,2,2,8,2,2,12.50%,8.30%,1410,11.8,32,16,44.1,0,0,0,0,0.00%,,,,0,,0,1,3,0,2,0,0,2.6,7.7,0,5.1,0,0,0,0,0,0,0,0,3,0,,, ,,0,0,0,0,0,0,0,1,0,0,0,0,0,0%,0.3,0.1,0.4,0.2,1.02,2,0.5,0.5,2.1,0.7,0.3,0,0.9,0.45,2.3,35.9,0,0,0,2,0,0,0,4,0,0,4,0,1,0,3,0,,0.843,0.843,0.014,0,0,0.9
21,1989-11-21,Roubaix,,FRA,FRA,72,200,L,,,,,26,Antoine,Roussel,DAL,DAL,LW,79, , ,80,13,16,10,29,11,111,54,37,11.70%,6.40%,66514,13.9,1695,21.2,39.2,121,6.5,15,20,42.90%,1,1,22,5,13,10,146,123,58,54,24,30,7.9,6.7,3.1,2.9,1.3,1.6,123,39,9,0,0,0,313,-6.5,,, ,,1,0,6,3,2,0,0,0,2,0,9,0,0,0%,1.7,1.4,3.2,0.04,0.17,3,18.6,21.2,5.7,4.5,3.4,0,7.9,0.1,0.43,29.2,0,0,5,49,13,1,7,10,8,4,68,3,2,1,186,2,Upper body,1.8,2,2,49,0,4.8
32,1978-09-03,Vlasim,,CZE,CZE,73,210,R,1996,4,105,,37,Michal,Rozsival,CHI,CHI,D,51, , ,51,1,12,6,13,3,41,13,36,2.40%,1.10%,49451,16.2,1096,21.5,45.1,71,5.2,0,0,0.00%,,,,0,,0,134,81,63,13,24,6,9.8,5.9,4.6,0.9,1.7,0.4,33,9,1,0,1,0,178,-1.5,,, ,,0,0,0,0,0,0,0,0,0,0,1,0,0,0%,0.5,2,2.5,0.05,0.18,1,16.4,17.2,2.1,0.9,1.9,0,2.8,0.05,0.2,47.5,0,0,0,13,1,0,21,2,0,0,17,0,0,0,186,18,"Lower body, Ankle",0.6,0.6,0.8,176,0.2,2.3
5,1990-05-07,San Diego,CA,USA,USA,71,191,R,,,,,25,Chad,Ruhwedel,BUF,BUF,D,1, , ,1,0,0,0,0,0,1,0,1,0.00%,0.00%,930,15.5,23,23,40.4,0,0,0,0,0.00%,,,,0,,0,0,3,2,0,1,0,0,11.6,7.7,0,3.9,0,2,1,0,0,0,0,7,0.1,,, ,,0,0,0,0,0,0,0,0,0,0,0,0,0,0%,0,0,0,0,0,4,0.1,0.1,0,0,0,0,0,0,0,37,0,0,0,0,0,0,0,1,0,0,0,0,0,0,20,0,,0.675,0.65,0.07,0,0,0
5,1990-10-08,Lycksele,,SWE,SWE,74,187,R,2009,1,17,,25,David,Rundblad,CHI,CHI,D,9, , ,9,0,2,0,2,-2,13,5,7,0.00%,0.00%,7761,14.4,176,19.6,44.1,0,0,0,0,0.00%,,,,0,,0,16,3,3,5,12,4,7.4,1.4,1.4,2.3,5.6,1.9,6,3,0,0,0,0,12,-0.4,,, ,,0,0,0,0,0,0,0,0,0,0,0,0,0,0%,0.1,0.1,0.2,0.02,0.09,1,2.6,1.6,-1.9,0.1,-0.2,0,-0.1,-0.01,-0.05,49.2,0,0,1,4,0,0,9,1,0,0,3,0,0,0,186,0,,1,1.05,0.529,0,0,-0.1
2,1987-05-02,Caroline,AB,CAN,CAN,70,170,L,2005,3,67,,28,Kris,Russell,DAL,"CGY, DAL",D,51,11, ,62,4,15,7,19,-5,70,56,63,5.70%,2.10%,85842,23.1,1923,31,44.6,61,2.6,0,1,0.00%,,,1,0,,0,85,40,210,56,47,23,3.6,1.7,8.8,2.3,2,1,10,5,0,0,0,0,260,6.6,,, ,,0,1,1,0,0,0,0,1,0,0,3,0,0,0%,0.8,2.1,2.8,0.05,0.12,5,26.5,30.1,-1.5,1,2.7,0,3.7,0.06,0.16,41.4,0,1,3,52,2,0,17,13,0,0,38,1,0,2,227,18,"Lower body, Upper body",2.6,2.6,3.173,571,0,-1.6
17,1992-05-11,Pontiac,MI,USA,USA,71,192,R,2010,3,80,Y,23,Bryan,Rust,PIT,PIT,RW,41, , ,41,4,7,4,11,1,68,28,18,5.90%,3.50%,30744,12.5,765,18.7,40.2,47,5.5,1,3,25.00%,,,3,1,1,0,81,62,23,28,8,10,9.5,7.3,2.7,3.3,0.9,1.2,12,6,0,0,0,0,97,5.1,,, ,,1,0,1,0,0,0,0,0,1,0,3,0,0,0%,0.3,0.5,0.8,0.02,0.09,4,9.2,9.1,-1.8,0.4,0.8,0,1.2,0.03,0.14,23.4,0,2,2,24,11,0,3,7,3,1,43,0,1,2,142,21,"Lower body, Arm",0.665,0.652,0.687,227,0.235,0.6
15,1983-02-16,Vantaa,,FIN,FIN,72,200,L,2001,1,9,,32,Tuomo,Ruutu,NJD,NJD,LW/RW,32, , ,33,0,1,1,1,-7,34,10,8,0.00%,0.00%,22779,11.5,503,15.2,45.3,26,4.1,2,3,40.00%,,,3,1,2,1,40,63,8,10,8,10,6.3,10,1.3,1.6,1.3,1.6,8,4,0,0,0,0,79,-2.7,,, ,,0,0,0,0,0,0,0,0,0,0,0,0,0,0%,-0.9,0.3,-0.7,-0.02,-0.11,2,6.7,6.8,-5.8,-2.7,0.4,0,-2.3,-0.07,-0.36,28.1,0,0,1,9,4,0,3,14,3,0,10,0,0,0,372,34,"Undisclosed, Lower body, Illness, Foot",5,4.75,4.75,1576,0,-10.1
6,1987-03-17,Cherry Hill,NJ,USA,USA,74,209,R,2005,1,2,,28,Bobby,Ryan,OTT,OTT,RW/LW,80, , ,81,22,34,23,56,-9,183,65,93,12.00%,6.50%,83470,17.2,1760,21.7,47.4,202,8.7,3,8,27.30%,,,9,3,2,0,106,106,24,65,52,52,4.6,4.6,1,2.8,2.2,2.2,28,13,0,0,0,0,158,12.4,11,6,55%,1,3,1,2,2,1,1,0,6,0,0,14,0,0,0%,5.2,0.8,6,0.07,0.26,6,35,27.9,-3.3,8.9,1.5,1.7,12,0.15,0.52,31.1,0,0,5,60,19,2,7,37,5,4,109,5,1,5,186,1,Hand,6.5,7.25,7.25,88,0,-2.3
33,1986-12-29,Spokane,WA,USA,,71,170,R,,,,,29,Derek,Ryan,CAR,CAR,C,6, , ,6,2,0,0,2,1,5,0,4,40.00%,22.20%,4393,12.2,104,17.3,42.2,0,0,35,24,59.30%,2,2,46,25,13,10,8,2,0,0,2,4,6.6,1.6,0,0,1.6,3.3,2,1,0,0,0,0,4,-1.1,1,0,0%,0,1,0,0,0,0,0,0,1,0,0,1,0,0,0%,0.2,0.1,0.4,0.07,0.33,0,1.7,1.4,1.5,0.3,0.3,-0.2,0.4,0.07,0.33,25.2,0,0,0,0,0,0,0,1,1,0,3,0,0,1,13,1,Upper body,0.6,0.6,0.042,7,0,0.4
21,1994-10-07,Torrance,CA,USA,CAN,73,213,L,2013,1,19,Y,21,Kerby,Rychel,CBJ,CBJ,LW,31, , ,32,2,7,6,9,5,32,11,12,6.30%,3.60%,18267,9.5,447,14,40.9,53,10.4,1,2,33.30%,,,3,1,,0,24,39,9,11,9,9,4.7,7.7,1.8,2.2,1.8,1.8,15,5,1,0,0,0,64,-2.5,,, ,,1,0,0,0,0,0,0,0,2,0,0,0,0,0%,0.4,0.5,0.9,0.03,0.18,4,5.6,5.4,6.1,1,1,0,2,0.06,0.39,25.9,0,0,2,9,3,0,5,12,6,0,6,0,0,1,78,0,,0.925,0.894,0.509,0,0.35,1.4
20,1992-10-27,Pittsburgh,PA,USA,USA,73,202,L,2011,2,43,,23,Brandon,Saad,CBJ,CBJ,LW/RW,77, , ,78,31,22,11,53,1,233,79,84,13.30%,7.80%,80582,17.2,1762,22.6,45.7,102,4.6,19,15,55.90%,,,19,12,15,7,49,43,25,79,31,33,2.2,1.9,1.1,3.5,1.4,1.5,14,7,0,0,0,0,82,8.6,1,0,0%,0,4,0,7,3,6,1,1,14,2,0,7,0,0,0%,5.8,1.5,7.2,0.09,0.32,5,30.7,26,9.7,10.5,2.1,-0.2,12.4,0.16,0.55,26.4,2,2,8,67,42,4,12,92,10,5,68,5,3,2,186,4,"Upper body, Illness",4,6,6,293,0,0.8
20,1993-03-09,Raahe,,FIN,FIN,71,203,L,2011,2,52,Y,22,Miikka,Salomaki,NSH,NSH,RW/LW,60, , ,61,5,5,2,10,-1,61,30,30,8.20%,4.10%,43923,12,1072,17.6,41,41,3.4,2,1,66.70%,,,3,2,,0,92,164,30,30,12,17,7.5,13.4,2.5,2.5,1,1.4,28,14,0,0,0,0,222,0.2,,, ,,0,0,1,2,0,1,1,0,1,0,2,0,0,0%,-0.3,0.8,0.4,0.01,0.03,4,10.8,13.5,-2.3,-0.5,1.9,0,1.5,0.02,0.12,30.7,0,1,2,27,7,2,2,6,4,0,40,0,1,0,167,8,"Lower body, Undisclosed",0.843,0.781,0.831,84,0.083,0.8
25,1991-07-26,Leksand,,SWE,SWE,74,194,L,2009,2,61,Y,24,Philip,Samuelsson,ARI,ARI,D,4, , ,4,0,0,0,0,0,5,1,1,0.00%,0.00%,3813,15.9,93,23.3,41,0,0,0,0,0.00%,,,,0,,0,5,3,11,1,1,1,4.7,2.8,10.4,0.9,0.9,0.9,2,1,0,0,0,0,16,-0.8,,, ,,0,0,0,0,0,0,0,0,0,0,0,0,0,0%,-0.1,0.1,0,0,0,2,0.6,0.7,0.1,-0.1,0.1,0,-0.1,-0.03,-0.09,57.2,0,0,0,1,0,0,0,1,0,0,4,0,0,0,20,0,,0.6,0.6,0.065,0,0,-0.1
38,1995-03-07,Bronxville,NY,USA,USA,74,207,R,2013,2,42,Y,20,Steven,Santini,NJD,NJD,D,1, , ,1,0,0,0,0,2,1,0,0,0.00%,0.00%,875,14.6,19,19,46.1,0,0,0,0,0.00%,,,,0,,0,2,0,2,0,1,0,8.2,0,8.2,0,4.1,0,2,1,0,0,0,0,4,0.1,,, ,,0,0,0,0,0,0,0,0,0,0,0,0,0,0%,0,0.2,0.2,0.2,0.82,3,0.5,0.6,2.1,-0.1,0.4,0,0.3,0.3,1.23,34,0,0,0,0,0,0,0,1,0,0,0,0,0,0,0,0,,0,0,0,0,0,0.3
25,1985-12-14,Vancouver,BC,CAN,CAN,72,189,R,2004,6,178,,30,Mike,Santorelli,ANA,ANA,C/RW,0, , ,70,9,9,1,18,-4,81,22,28,11.10%,6.90%,42389,10.1,993,14.2,42.7,18,1.5,75,83,47.50%,,,113,52,45,23,66,28,20,22,15,5,5.6,2.4,1.7,1.9,1.3,0.4,8,4,0,0,0,0,56,1,,, ,,2,0,1,0,1,0,1,2,2,0,3,0,0,0%,1.1,0.8,1.9,0.03,0.16,1,14,12.6,-5.3,1.6,0.9,0,2.5,0.04,0.21,25.7,1,1,1,19,8,0,3,9,9,1,51,1,2,0,186,0,,0.875,0.875,0.875,0,0,1.8
58,1990-10-22,St. Hyacinthe,QC,CAN,CAN,74,227,R,2009,4,94,,25,David,Savard,CBJ,CBJ,D,64, , ,65,4,21,10,25,-7,122,60,76,3.30%,1.60%,90373,23.2,1753,27,51.6,122,4.9,0,0,0.00%,,,,0,,0,111,122,111,60,14,14,4.4,4.9,4.4,2.4,0.6,0.6,45,15,1,0,1,0,279,-3.4,,, ,,1,0,0,0,0,0,1,3,0,0,0,0,0,0%,1.4,2.4,3.8,0.06,0.15,6,29.9,31.1,-0.1,2.5,2.3,0,4.9,0.08,0.2,48.3,2,1,1,56,10,0,42,40,0,0,30,1,0,0,186,17,"Oblique, Lower body",1.3,1.3,1.3,270,0,3.3
5,1990-01-30,Ozieri,,ITA,CHE,74,198,L,2008,1,19,,26,Luca,Sbisa,VAN,VAN,D,41, , ,41,2,6,3,8,5,29,10,33,6.90%,2.80%,42743,17.4,981,23.9,43.6,16,1.3,0,0,0.00%,,,,0,,0,70,71,58,10,12,5,5.9,6,4.9,0.8,1,0.4,26,8,2,0,0,0,157,0.7,,, ,,0,0,1,0,0,0,2,0,0,0,0,0,0,0%,0.2,2.2,2.4,0.06,0.2,4,11.6,15.6,8.4,0.4,2.6,0,3.1,0.08,0.26,51.4,0,0,2,8,3,0,15,3,0,0,8,0,1,0,186,41,"Upper body, Hand, Undisclosed",3.2,3.6,3.6,1800,0,-3.4
6,1990-02-23,Montreal,QC,CAN,CAN,75,211,L,2008,2,55,,25,Marco,Scandella,MIN,MIN,D,72, , ,73,5,16,7,21,6,126,64,107,4.00%,1.70%,90666,20.7,2000,27.4,45.3,86,3.4,0,0,0.00%,,,,0,,0,126,66,105,64,39,23,5,2.6,4.2,2.5,1.5,0.9,22,11,0,0,0,0,193,7.8,,, ,,0,0,0,0,0,0,1,0,1,0,3,0,0,0%,1.1,4,5,0.07,0.2,5,26.6,33,2.8,2,4.9,0,6.9,0.09,0.27,50.1,0,1,6,57,3,0,49,20,5,1,48,1,2,3,186,7,"Upper body, Lower body",3,4,4,341,0,-0.4
22,1989-04-20,Red Deer,AB,CAN,CAN,72,195,R,2007,4,112,,26,Colton,Sceviour,DAL,DAL,C/RW,70, , ,71,11,12,8,23,6,125,38,58,8.80%,5.00%,54007,12.7,1354,19.1,39.9,73,4.9,9,15,37.50%,,,17,4,7,5,69,71,52,38,27,30,4.6,4.7,3.5,2.5,1.8,2,21,8,1,0,0,0,145,-0.1,1,0,0%,0,1,0,1,0,2,0,0,1,2,0,6,0,0,0%,1.4,1,2.4,0.03,0.16,2,16.1,19.9,0.6,3,3.1,-0.2,5.9,0.08,0.39,28,1,1,3,33,12,4,2,15,7,3,82,2,3,1,186,1,Upper body,0.7,0.65,0.65,8,0,5.7
59,1990-11-16,Merrimack,NH,USA,USA,74,219,L,,,,Y,25,Tim,Schaller,BUF,BUF,C/LW,17, , ,17,1,2,1,3,3,18,4,4,5.60%,3.80%,8490,8.3,226,13.3,37.6,14,5.9,40,73,35.40%,,,84,28,29,12,13,13,9,4,4,3,5.5,5.5,3.8,1.7,1.7,1.3,2,1,0,0,0,0,24,2.6,,, ,,0,0,1,0,0,0,0,0,0,0,1,0,0,0%,0.1,0.3,0.4,0.02,0.17,3,2.5,2.8,3.3,0.2,0.7,0,0.9,0.05,0.38,30.4,0,0,1,3,3,0,1,2,0,0,12,0,0,1,61,0,,0.874,0.874,0.287,0,0,0.7
55,1993-03-15,Kitchener,ON,CAN,CAN,75,207,R,2011,1,7,,22,Mark,Scheifele,WPG,WPG,C,70, , ,71,29,32,20,61,16,194,69,57,14.90%,9.10%,79018,18.5,1641,23.1,48.2,167,7.6,515,651,44.20%,22,9,794,358,372,157,112,53,36,69,35,61,5.1,2.4,1.6,3.1,1.6,2.8,48,19,0,1,0,0,137,4,3,2,67%,2,8,1,3,2,5,2,2,5,1,0,14,0,0,0%,6.6,2.1,8.6,0.12,0.39,7,33.1,28,20.5,12,4.2,0.2,16.5,0.23,0.75,26.7,1,6,9,53,20,9,13,33,12,1,106,4,4,3,186,11,"Lower body, Concussion",0.833,0.863,1.563,230,0.85,14.3
10,1991-08-22,Saskatoon,SK,CAN,CAN,73,195,L,2009,1,5,,24,Brayden,Schenn,PHI,PHI,C/LW,79, , ,80,26,33,19,59,3,178,72,73,14.60%,8.00%,81091,16.9,1720,21.5,47.1,183,8.1,52,64,44.80%,,,75,38,41,14,106,187,30,72,35,30,4.7,8.3,1.3,3.2,1.6,1.3,33,9,3,0,0,0,253,4.9,3,0,0%,0,7,0,5,0,1,2,0,6,7,1,9,0,1,100%,5.7,1.7,7.4,0.09,0.33,7,35.2,24.7,5.7,9.1,1.5,-0.6,10,0.13,0.44,26.2,2,7,5,58,10,7,16,44,22,1,78,4,5,2,186,1,Upper body,2.75,2.5,2.5,30,0,5.9
52,1989-11-02,Saskatoon,SK,CAN,CAN,74,229,R,2008,1,5,,26,Luke,Schenn,LAK,"PHI, LAK",D,29,42, ,72,4,12,3,16,-2,76,33,92,5.30%,2.00%,75908,17.6,1848,25.7,41.1,33,1.6,1,1,50.00%,,,1,1,1,0,130,234,106,33,53,11,6.2,11.1,5,1.6,2.5,0.5,82,15,6,2,0,0,428,-2.2,,, ,,2,0,0,0,0,0,0,3,0,0,1,0,0,0%,0.7,2.6,3.3,0.05,0.16,3,24,32.6,-11.4,0.6,3,0,3.6,0.05,0.17,57.5,0,0,1,32,0,0,26,13,0,0,37,1,0,1,281,5,Lower body,3.35,3.6,3.599,220,0,-2.3
8,1987-05-07,Edmonton,AB,CAN,CAN,72,190,L,,,,,28,David,Schlemko,NJD,NJD,D,66, , ,67,6,13,10,19,-22,104,34,44,5.80%,3.30%,74969,18.6,1642,24.5,45.7,76,3.6,0,0,0.00%,,,,0,,0,116,47,88,34,29,16,5.6,2.3,4.2,1.6,1.4,0.8,16,8,0,0,0,0,151,4.1,1,0,0%,0,1,0,3,0,0,0,1,3,0,0,2,0,0,0%,1.3,1.8,3.1,0.05,0.15,2,32.8,30.3,-14.2,0.1,1.7,-0.2,1.6,0.02,0.08,49.1,1,1,0,32,5,0,26,34,1,0,38,2,1,1,186,12,"Upper body, Lower body",0.625,0.625,0.625,91,0,1.4
88,1991-07-16,St. Cloud,MN,USA,USA,72,191,L,,,,,24,Nate,Schmidt,WSH,WSH,D,72, , ,72,2,14,8,16,12,80,46,58,2.50%,1.10%,78061,18.1,1686,23.4,46.3,94,4.3,0,0,0.00%,,,,0,,0,69,69,111,46,42,34,3.2,3.2,5.1,2.1,1.9,1.6,16,3,2,0,0,0,198,15.2,,, ,,0,0,1,0,0,0,2,0,0,0,0,0,0,0%,0.4,3.7,4.1,0.06,0.19,3,20.6,27.7,2.2,1.1,4.4,0,5.6,0.08,0.26,47.4,2,1,3,40,4,0,28,6,1,0,41,0,0,1,186,2,Lower body,0.75,0.812,0.813,20,0,5
10,1990-08-26,Williamsville,NY,USA,USA,73,198,L,,,,Y,25,Cole,Schneider,BUF,BUF,LW/RW,2, , ,2,0,0,0,0,0,5,2,0,0.00%,0.00%,1515,12.6,30,15,50.5,0,0,0,0,0.00%,,,,0,,0,0,3,0,2,0,0,0,7.1,0,4.8,0,0,0,0,0,0,0,0,3,0,,, ,,0,0,0,0,0,0,0,0,0,0,0,0,0,0%,-0.1,0,0,0,0,2,0.1,0.1,0,0,0,0,0,0,0,44,0,0,0,2,0,0,0,0,0,0,5,0,0,0,3,0,,0.7,0.7,0.011,0,0,0
10,1990-09-29,Lakeville,MN,USA,USA,69,184,R,2009,1,22,,25,Jordan,Schroeder,MIN,MIN,C/RW,26, , ,26,2,2,1,4,2,30,7,10,6.70%,4.30%,14689,9.4,357,13.7,41.1,10,2.5,1,2,33.30%,,,2,1,1,0,18,15,13,7,6,1,4.4,3.7,3.2,1.7,1.5,0.2,2,1,0,0,0,0,30,-1.4,,, ,,0,0,0,0,0,0,0,0,0,0,2,0,0,0%,0,0.4,0.4,0.02,0.1,2,4.9,4.9,1.7,-0.4,0.9,0,0.5,0.02,0.12,29.7,1,0,1,5,3,2,0,3,1,0,21,0,0,0,73,2,Illness,0.6,0.6,0.235,15,0,0.5
55,1986-02-25,Calgary,AB,CAN,CAN,78,217,L,2004,1,27,,29,Jeff,Schultz,LAK,LAK,D,1, , ,1,0,0,0,0,-1,1,0,0,0.00%,0.00%,1095,18.3,26,26,42.1,0,0,0,0,0.00%,,,,0,,0,0,0,2,0,0,0,0,0,6.6,0,0,0,0,0,0,0,0,0,2,1,,, ,,0,0,0,0,0,0,0,0,0,0,0,0,0,0%,0,0,-0.1,-0.1,-0.33,5,0.3,0.7,-1.1,-0.1,0,0,-0.1,-0.1,-0.33,65,0,0,0,0,0,0,0,0,1,0,0,0,0,0,6,0,,0.85,0.85,0.027,0,0,-0.1
4,1990-07-06,Kelowna,BC,CAN,CAN,74,193,R,2008,2,43,,25,Justin,Schultz,PIT,"EDM, PIT",D,44,18, ,63,4,14,6,18,-15,82,41,55,4.90%,2.20%,69721,18.4,1527,24.2,45.7,63,3.3,0,2,0.00%,,,,0,2,0,127,36,72,41,40,21,6.6,1.9,3.7,2.1,2.1,1.1,16,8,0,0,0,0,124,3.9,,, ,,1,0,0,0,1,0,1,0,1,0,1,0,0,0%,1,1.3,2.3,0.04,0.12,3,26.3,24.2,-9.2,0.9,0.2,0,1,0.02,0.05,43.5,0,3,6,32,3,1,21,18,4,0,35,0,1,0,229,15,"Illness, Back",3.9,3.9,3.9,713,0,-5.9
55,1982-08-25,Strasbourg,SK,CAN,CAN,73,203,L,2000,2,33,,33,Nick,Schultz,PHI,PHI,D,80, , ,81,1,9,2,10,-1,70,36,55,1.40%,0.60%,87221,17.9,2147,26.5,40.6,27,1.1,1,0,100.00%,,,,0,1,1,157,85,174,36,38,4,6.5,3.5,7.2,1.5,1.6,0.2,42,20,0,0,0,0,301,-6.1,,, ,,0,0,0,0,0,0,1,0,0,0,0,0,0,0%,-0.6,3.1,2.5,0.03,0.1,4,22.2,33.5,-3.4,-1.6,3.7,0,2.1,0.03,0.09,54.8,0,0,3,33,2,1,41,10,1,0,15,0,0,0,186,1,Upper body,2.25,2.25,2.25,27,0,-1.5
17,1992-06-25,Wilcox,SK,CAN,CAN,70,190,L,2010,1,14,,23,Jaden,Schwartz,STL,STL,LW/C,33, , ,33,8,14,9,22,8,63,21,21,12.70%,7.60%,34063,17.2,807,24.5,42.2,75,7.9,15,17,46.90%,,,18,7,14,8,34,26,21,21,18,16,3.6,2.7,2.2,2.2,1.9,1.7,8,4,0,0,0,0,55,-0.6,1,0,0%,0,2,1,1,1,0,0,1,0,1,0,6,0,0,0%,1.8,1,2.8,0.08,0.3,5,13.2,11.2,7.4,3.2,1.6,-0.2,4.6,0.14,0.49,30,0,2,2,17,4,0,10,10,5,0,34,0,4,0,186,49,Ankle,2.7,2.35,2.35,1404,0,0.8
22,1982-09-26,Edmonton,AB,CAN,CAN,80,260,L,,,,,33,John,Scott,MTL,"ARI, MTL",LW/D,11,1, ,12,0,1,1,1,-1,6,0,0,0.00%,0.00%,4700,6.5,126,10.5,37.3,27,20.7,0,0,0.00%,,,,0,,0,4,23,3,0,3,1,3.1,17.6,2.3,0,2.3,0.8,27,6,1,1,0,0,54,-1.1,,, ,,0,0,0,0,0,0,0,0,0,0,0,0,0,0%,-0.1,0,-0.1,-0.01,-0.08,3,1.2,1.2,-0.9,-0.2,0,0,-0.2,-0.02,-0.15,39.5,0,0,0,0,1,0,2,1,0,1,1,0,0,0,101,0,,0.575,0.575,0.312,0,0,-0.2
7,1978-12-30,Syosset,NY,USA,USA,73,212,L,1998,5,134,,37,Rob,Scuderi,LAK,"PIT, CHI, LAK",D,25,17,21,63,0,10,5,10,7,35,13,23,0.00%,0.00%,59762,15.8,1382,21.9,43.2,48,2.9,0,1,0.00%,,,1,0,,0,67,31,75,13,29,5,4,1.9,4.5,0.8,1.7,0.3,10,5,0,0,0,0,116,4.7,,, ,,0,0,0,0,0,0,0,0,0,0,0,0,0,0%,-0.1,2.6,2.5,0.04,0.15,3,16.7,23.7,0.9,-0.4,3.6,0,3.2,0.05,0.19,51.6,0,0,3,10,0,0,20,2,0,0,13,0,1,0,348,1,Undisclosed,3,3.375,3.328,41,0,-1.7
7,1985-04-20,Richmond,BC,CAN,CAN,75,220,R,2003,1,14,,30,Brent,Seabrook,CHI,CHI,D,81, , ,81,14,35,15,49,6,167,60,134,8.40%,3.90%,110918,22.8,2465,30.4,45,97,3.1,0,0,0.00%,,,,0,,0,174,121,150,60,89,19,5.6,3.9,4.9,1.9,2.9,0.6,32,16,0,0,0,0,303,-4.5,,, ,,5,1,3,0,1,0,12,0,0,0,1,0,0,0%,4.8,4.4,9.2,0.11,0.3,5,45,38.9,2.3,9,3.6,0,12.6,0.16,0.41,52.4,2,3,3,52,1,0,123,13,0,0,30,3,1,2,186,1,Illness,5,5.8,5.8,71,0,1.4
22,1980-09-26,Ornskoldsvik,,SWE,SWE,73,187,L,1999,1,2,,35,Daniel,Sedin,VAN,VAN,LW,82, , ,82,28,33,20,61,7,258,82,56,10.90%,7.10%,90202,18.3,1923,23.5,46.9,209,8.3,5,14,26.30%,,,12,3,7,2,51,20,19,82,31,24,2,0.8,0.8,3.3,1.2,1,36,18,0,0,0,0,75,-3.7,2,0,0%,0,4,1,6,2,1,1,5,4,1,0,16,0,0,0%,5.8,2.2,8,0.1,0.32,4,35,26.7,23.5,10.6,3,-0.4,13.2,0.16,0.53,31.1,0,6,10,66,15,11,46,28,9,4,145,6,7,2,186,0,,7,7,7,0,0,-0.5
33,1980-09-26,Ornskoldsvik,,SWE,SWE,74,188,L,1999,1,3,,35,Henrik,Sedin,VAN,VAN,C,74, , ,74,11,44,30,55,0,99,31,27,11.10%,7.00%,81602,18.4,1722,23.3,47.4,300,13.2,620,727,46.00%,49,18,882,384,465,236,38,9,19,31,50,23,1.7,0.4,0.8,1.4,2.2,1,24,12,0,0,0,0,52,-4.7,,, ,,1,0,0,1,1,1,0,0,1,0,8,0,0,0%,3.6,1.7,5.4,0.07,0.24,4,32.1,23.8,16.3,6.8,2.1,0,8.9,0.12,0.39,27.6,0,0,4,27,9,4,15,9,3,1,58,0,3,2,186,8,"Upper body, Undisclosed, Lower body",7,7,7,683,0,-4.8
91,1992-01-31,Brampton,ON,CAN,CAN,73,200,R,2010,1,2,,24,Tyler,Seguin,DAL,DAL,C/RW,71, , ,72,33,40,26,73,2,278,105,130,11.90%,6.40%,83991,19.4,1744,24.2,48.2,177,7.6,470,376,55.60%,28,18,595,340,251,130,32,80,27,105,46,21,1.4,3.4,1.2,4.5,2,0.9,16,8,0,0,0,0,123,7.5,4,2,50%,1,5,1,6,3,2,0,5,3,1,0,22,0,0,0%,8.2,1.3,9.6,0.13,0.41,6,38.1,29,5.5,15.2,0.9,0.5,16.6,0.23,0.71,33.3,2,4,14,85,10,0,77,35,5,1,150,5,3,2,186,10,Achilles,6,5.75,5.75,701,0,5.5
44,1981-07-18,Schwenningen,,DEU,DEU,72,198,L,2001,6,172,,34,Dennis,Seidenberg,BOS,BOS,D,61, , ,61,1,11,6,12,-1,66,23,43,1.50%,0.80%,70995,19.4,1510,24.8,47,79,4,0,0,0.00%,,,,0,,0,140,127,120,23,24,16,7.1,6.4,6.1,1.2,1.2,0.8,24,12,0,0,0,0,271,-1.6,,, ,,0,0,0,0,0,0,1,0,0,0,0,0,0,0%,0,2.1,2,0.03,0.1,4,19,23.6,-4,-0.1,1.7,0,1.6,0.03,0.08,58.6,0,0,1,22,1,0,20,20,0,0,25,0,1,0,186,19,"Lower body, Back",4.5,4,4,927,0,-5.7
36,1992-06-10,Kladno,,CZE,CZE,73,185,L,,,,,23,Jiri,Sekac,ARI,"ANA, CHI, ARI",LW/C,22,6,11,39,1,5,2,6,-5,49,15,22,2.00%,1.20%,27297,11.7,607,15.6,45,78,10.3,2,2,50.00%,,,2,2,2,0,41,50,18,15,9,14,5.4,6.6,2.4,2,1.2,1.8,16,3,0,1,0,0,84,2.4,,, ,,0,0,0,0,0,0,0,1,0,0,0,0,0,0%,-0.5,0.4,-0.1,0,-0.01,3,6.4,5.6,-4.7,-0.6,0.1,0,-0.5,-0.01,-0.07,29.4,0,0,3,12,9,0,6,9,1,2,22,0,0,0,186,19,"Lower body, Illness",0.925,0.925,1.35,312,1.275,-2.2
2,1986-06-08,Bojnice,,SVK,SVK,72,198,L,2004,3,71,,29,Andrej,Sekera,EDM,EDM,D,80, , ,81,6,24,13,30,-15,155,61,162,3.90%,1.60%,106136,21.8,2291,28.3,46.3,98,3.3,0,0,0.00%,,,,0,,0,179,60,156,61,82,37,6.1,2,5.3,2.1,2.8,1.3,12,6,0,0,0,0,228,6.2,,, ,,1,2,2,0,0,0,3,1,0,0,2,0,0,0%,1.8,2.9,4.7,0.06,0.16,6,41,38.2,-2.5,1.9,2.4,0,4.4,0.05,0.15,48.8,1,1,4,55,7,0,82,14,1,2,49,1,1,0,186,1,Flu,6.5,5.5,5.5,67,0,-6.1
42,1987-10-20,Brockville,ON,CAN,CAN,74,208,L,,,,,28,Eric,Selleck,ARI,ARI,LW,1, , ,1,0,0,0,0,0,1,0,0,0.00%,0.00%,573,9.6,17,17,33.7,0,0,0,0,0.00%,,,,0,,0,0,3,0,0,0,0,0,18.8,0,0,0,0,5,0,1,0,0,0,9,0,,, ,,0,0,0,0,0,0,0,0,0,0,0,0,0,0%,0,0,0,0,0,2,0.1,0.1,0,0,0,0,0,0,0,17,0,0,0,0,0,0,0,0,0,0,1,0,0,0,11,5,Upper body,0.575,0.575,0.034,35,0,0
13,1984-03-03,Krasnojarsk,,RUS,RUS,74,211,R,2002,1,13,,31,Alexander,Semin,MTL,MTL,RW,15, , ,15,1,3,1,4,1,18,11,12,5.60%,2.40%,11102,12.3,254,16.9,43.7,12,3.9,1,0,100.00%,,,1,1,,0,20,6,4,11,8,6,6.5,1.9,1.3,3.6,2.6,1.9,12,6,0,0,0,0,22,-4.1,,, ,,0,0,0,0,0,0,0,0,0,0,1,0,0,0%,0,0.3,0.3,0.02,0.1,1,3.9,3.3,1.9,-0.2,0.4,0,0.2,0.01,0.06,37.3,0,0,1,10,1,0,4,2,0,0,11,0,0,0,250,5,Lower body,1.1,1.1,2.702,67,0,-4
47,1987-09-28,Rome,NY,USA,USA,77,228,L,2006,3,85,,28,Tom,Sestito,PIT,PIT,LW,4, , ,4,0,1,0,1,1,1,0,0,0.00%,0.00%,1391,5.8,34,8.5,40.9,0,0,0,0,0.00%,,,,0,,0,2,13,1,0,1,0,5.2,33.6,2.6,0,2.6,0,19,2,1,0,1,0,34,-1,,, ,,0,0,0,0,0,0,0,0,0,0,0,0,0,0%,0,0.1,0.1,0.03,0.26,3,0.4,0.4,0.9,0.2,0.1,0,0.3,0.08,0.78,8,0,0,0,0,0,0,0,0,0,0,1,0,0,0,9,0,,0.575,0.575,0.028,0,0,0.3
28,1994-08-07,Melville,SK,CAN,CAN,74,205,R,2012,2,60,,21,Damon,Severson,NJD,NJD,D,71, , ,72,1,20,11,21,-8,94,47,60,1.10%,0.50%,78472,18.2,1663,23.1,47.2,113,5.2,0,0,0.00%,,,,0,,0,55,66,41,47,36,16,2.5,3,1.9,2.2,1.7,0.7,32,15,0,0,0,0,139,1.7,,, ,,0,0,0,0,0,0,1,0,0,0,0,0,0,0%,0.9,3.1,4,0.06,0.18,4,30.2,27.3,0.2,0.6,3.3,0,3.8,0.05,0.17,50,0,1,6,40,1,0,52,23,3,0,15,0,0,1,186,3,Undisclosed,0.575,0.606,0.888,33,0.308,3.1
77,1992-07-25,Campbellville,ON,CAN,CAN,72,186,L,,,,,23,Michael,Sgarbossa,ANA,ANA,C,1, , ,1,0,0,0,0,0,0,0,0,0.00%,0.00%,501,8.4,13,13,38.5,0,0,2,2,50.00%,,,4,2,,0,1,0,2,0,0,0,7.2,0,14.4,0,0,0,0,0,0,0,0,0,2,0,,, ,,0,0,0,0,0,0,0,0,0,0,0,0,0,0%,0,0,0,0,0,1,0.1,0,0,0,0,0,0,0,0,0,0,0,0,0,0,0,0,0,0,0,0,0,0,0,11,0,,0.605,0.605,0.036,0,0,0
10,1981-12-27,Winnipeg,MB,CAN,CAN,73,195,R,2001,3,95,,34,Patrick,Sharp,DAL,DAL,LW,75, , ,76,20,35,25,55,-3,226,98,82,8.80%,4.90%,80337,17.6,1744,22.9,46.1,203,9.1,16,17,48.50%,,,24,11,9,5,67,76,24,98,46,51,3,3.4,1.1,4.4,2.1,2.3,27,11,1,0,0,0,128,-3.7,3,3,100%,1,3,0,6,2,0,0,3,3,4,0,10,0,0,0%,4.9,1,5.9,0.08,0.26,4,31.4,23.9,0.8,9.3,0.5,1.4,11.2,0.15,0.5,32.6,1,6,13,78,16,0,43,23,12,3,129,2,1,2,186,6,Lower body,5.5,5.9,5.9,432,0,-0.2
22,1989-01-29,New Rochelle,NY,USA,USA,72,202,R,2007,1,14,,27,Kevin,Shattenkirk,STL,STL,D,72, , ,72,14,30,18,44,-14,180,70,100,7.80%,4.00%,96864,22.4,2041,28.3,47.5,134,5,0,0,0.00%,,,,0,,0,87,82,113,70,39,37,3.2,3,4.2,2.6,1.4,1.4,51,18,1,1,0,0,247,1.2,7,1,14%,1,4,1,1,1,1,0,8,0,0,1,4,0,0,0%,4.5,2.6,7.1,0.1,0.26,6,41.3,33.6,-15.9,8.2,0.6,-0.8,8,0.11,0.3,48.4,0,5,5,60,5,0,63,13,0,1,98,3,2,3,186,10,Lower body,4.3,4.25,4.25,518,0,0.1
65,1991-07-20,Belleville,ON,CAN,CAN,71,179,R,2011,5,139,,24,Andrew,Shaw,CHI,CHI,RW/C,78, , ,78,14,20,8,34,11,153,58,64,9.20%,5.10%,68567,14.7,1541,19.8,44.5,94,4.9,146,168,46.50%,2,1,232,103,82,43,190,148,21,58,23,21,10,7.8,1.1,3,1.2,1.1,69,27,3,0,0,0,241,-0.9,,, ,,1,0,2,2,3,1,2,0,1,0,7,1,1,100%,2.2,1.7,3.9,0.05,0.2,5,23.2,19.4,10.7,3.9,2.7,0,6.7,0.09,0.35,25.4,2,1,3,52,23,3,10,17,7,3,90,1,2,3,186,4,Upper body,2.5,2,2,98,0,3.6
48,1992-10-05,Glace Bay,NS,CAN,CAN,75,202,R,2011,3,76,Y,23,Logan,Shaw,FLA,FLA,RW,53, , ,53,5,2,1,7,-7,72,25,15,6.90%,4.50%,38926,12.2,887,16.7,43.9,23,2.1,16,21,43.20%,,,17,8,20,8,53,88,20,25,5,21,4.9,8.1,1.8,2.3,0.5,1.9,13,4,1,0,0,0,122,7.1,,, ,,2,0,1,2,1,0,3,1,0,0,0,0,0,0%,-0.4,0.3,-0.1,0,-0.01,3,11.2,9.9,-9.6,-1.6,0.1,0,-1.5,-0.03,-0.14,33.1,0,2,2,21,5,0,15,9,4,0,39,0,1,1,132,0,,0.693,0.674,0.645,0,0.233,-2
15,1991-12-07,St. Catharines,ON,CAN,CAN,75,222,L,2010,1,21,,24,Riley,Sheahan,DET,DET,C,80, , ,81,14,11,5,25,-8,128,38,33,10.90%,7.00%,74022,15.2,1800,22.2,41.1,75,3.6,358,424,45.80%,12,6,489,222,293,136,91,72,40,38,21,20,4.4,3.5,1.9,1.8,1,1,12,6,0,0,0,0,124,-4.5,1,1,100%,1,2,0,2,0,2,0,0,5,2,0,5,0,0,0%,1,1.1,2.1,0.03,0.1,3,25.5,29.2,-6.2,0,3.3,0.5,3.8,0.05,0.18,27.3,1,0,11,26,12,6,5,32,7,0,66,4,2,0,186,1,Illness,1.05,0.95,0.95,12,0,2.9
43,1992-08-06,Winchester,MA,USA,USA,68,175,L,,,,Y,23,Conor,Sheary,PIT,PIT,LW,44, , ,44,7,3,2,10,-1,51,14,24,13.70%,7.90%,25748,9.8,603,13.7,42.7,33,4.6,1,7,12.50%,,,5,1,3,0,56,15,5,14,9,7,7.8,2.1,0.7,2,1.3,1,8,4,0,0,0,0,28,3.5,,, ,,1,0,0,0,0,0,0,2,2,0,3,0,0,0%,0.7,0.4,1.1,0.03,0.15,1,8.1,7.6,-3,1.1,0.4,0,1.5,0.03,0.21,25.7,1,0,1,12,6,0,2,9,3,0,31,1,0,1,96,0,,0.667,0.667,0.345,0,0,1.4
49,1994-10-13,Calgary,AB,CAN,CAN,70,181,L,2013,1,24,Y,21,Hunter,Shinkaruk,CGY,"VAN, CGY",C/LW,1,7, ,8,2,1,0,3,-4,12,7,4,16.70%,8.70%,7183,15,156,19.5,46,0,0,0,1,0.00%,,,,0,1,0,19,9,3,7,2,1,9.5,4.5,1.5,3.5,1,0.5,2,1,0,0,0,0,14,-0.1,,, ,,0,0,0,0,0,0,1,0,0,0,1,0,0,0%,0.2,-0.1,0.2,0.03,0.1,3,3,1.7,-2.9,0,-0.3,0,-0.3,-0.04,-0.15,22.3,0,0,1,6,2,0,1,2,1,1,5,0,0,0,17,0,,0.925,0.902,0.098,0,0.426,-0.4
17,1994-07-19,Ajax,ON,CAN,CAN,73,205,L,2012,2,61,Y,21,Devin,Shore,DAL,DAL,C,3, , ,3,0,0,0,0,2,1,0,1,0.00%,0.00%,2181,12.1,50,16.7,43.6,0,0,0,1,0.00%,,,,0,1,0,4,2,0,0,1,0,6.6,3.3,0,0,1.7,0,0,0,0,0,0,0,2,-0.1,,, ,,0,0,0,0,0,0,0,0,0,0,0,0,0,0%,-0.1,0.1,0,0,0,1,0.9,0.9,1.8,-0.4,0.3,0,-0.2,-0.07,-0.33,6,0,0,0,0,0,0,0,0,0,0,1,0,0,0,10,0,,0.818,0.87,0.047,0,0,-0.2
22,1991-01-29,Denver,CO,USA,USA,75,205,R,2009,2,44,,25,Drew,Shore,CGY,CGY,C/RW,2, , ,2,0,1,1,1,0,3,0,0,0.00%,0.00%,1679,14,37,18.5,45.4,10,21.4,4,6,40.00%,,,6,3,4,1,2,0,1,0,0,1,4.3,0,2.1,0,0,2.1,2,1,0,0,0,0,3,-0.1,,, ,,0,0,0,0,0,0,0,0,0,0,0,0,0,0%,0,0,0.1,0.05,0.21,4,0.5,0.7,-0.1,0.1,0.1,0,0.2,0.1,0.43,43.3,0,0,0,0,0,0,0,0,0,0,3,0,0,0,3,0,,0.851,0.851,0.014,0,0,0.2
21,1992-09-26,Denver,CO,USA,USA,73,194,R,2011,3,82,,23,Nick,Shore,LAK,LAK,C,67, , ,68,3,7,5,10,-10,90,34,31,3.30%,1.90%,50617,12.4,1242,18.3,40.8,95,6.8,384,357,51.80%,1,1,503,258,238,126,71,97,17,34,7,13,5,6.9,1.2,2.4,0.5,0.9,32,15,0,0,0,0,146,-10.8,,, ,,1,0,1,0,0,0,0,0,1,0,2,0,0,0%,-0.9,0.5,-0.4,-0.01,-0.03,2,12.6,14,-13.6,-1.7,0.7,0,-0.9,-0.01,-0.06,33,0,1,1,32,6,0,8,10,13,3,50,0,0,1,186,0,,0.6,0.6,0.6,0,0,-1
50,1994-05-15,Ann Arbor,MI,USA,USA,73,205,L,2012,2,42,Y,21,Patrick,Sieloff,CGY,CGY,D,1, , ,1,1,0,0,1,1,1,0,2,100.00%,33.30%,1079,18,25,25,43.2,0,0,0,0,0.00%,,,,0,,0,1,3,2,0,0,0,3.3,10,6.7,0,0,0,2,1,0,0,0,0,7,-0.9,,, ,,0,0,1,0,1,0,0,0,0,0,0,0,0,0%,0.2,0.1,0.3,0.3,1,5,0.2,0.3,1.1,0.5,0.2,0,0.6,0.6,2,35,0,0,0,0,1,0,0,0,0,0,0,0,0,0,2,0,,0.925,0.894,0.01,0,0,0.6
33,1990-10-13,GÃ¤vle,,SWE,SWE,74,196,R,2009,2,39,,25,Jakob,Silfverberg,ANA,ANA,RW/LW,82, , ,82,20,19,11,39,8,215,78,74,9.30%,5.40%,83514,17,1977,24.1,42.2,165,7.1,4,16,20.00%,,,14,3,6,1,129,87,58,78,39,44,5.6,3.8,2.5,3.4,1.7,1.9,32,16,0,0,0,0,177,0.8,7,4,57%,1,1,1,2,2,2,0,4,2,3,0,9,0,0,0%,2.8,2.2,5,0.06,0.22,8,26.8,32.9,4.2,5.2,6.7,1.2,13,0.16,0.56,32,0,4,9,65,19,1,46,22,12,2,113,4,4,2,186,0,,3.75,3.75,3.75,0,0,6.2
23,1988-05-24,Truro,NS,CAN,CAN,72,202,L,,,,,27,Zach,Sill,WSH,WSH,C/LW,10, , ,10,1,0,0,1,0,13,3,7,7.70%,4.30%,5960,9.9,140,14,42.6,0,0,33,44,42.90%,,,53,25,24,8,9,20,6,3,3,4,5.4,12.1,3.6,1.8,1.8,2.4,2,1,0,0,0,0,28,0.8,,, ,,0,0,0,0,0,0,0,0,0,0,1,0,0,0%,-0.1,0.1,0.1,0.01,0.06,4,1.8,2.2,-0.7,-0.3,0.3,0,0,0,0,43,0,0,1,2,0,0,2,6,1,0,4,0,0,0,23,0,,0.575,0.575,0.071,0,0,0
17,1988-08-26,Scarborough,ON,CAN,CAN,74,185,R,2007,2,61,,27,Wayne,Simmonds,PHI,PHI,RW/LW,80, , ,81,32,28,18,60,-7,229,89,75,14.00%,8.10%,83758,17.2,1831,22.6,45.7,176,7.6,5,2,71.40%,,,6,4,1,1,110,192,44,89,31,25,4.7,8.3,1.9,3.8,1.3,1.1,147,31,5,4,1,1,388,-8.1,5,1,20%,0,3,0,5,3,1,3,0,7,7,0,14,0,0,0%,6.3,1.3,7.6,0.09,0.33,8,40.5,30,-2.5,8.1,1.2,-0.4,9,0.11,0.39,27.4,0,3,11,75,31,10,6,41,17,4,120,5,5,3,186,0,,3.8,3.975,3.975,0,0,1.7
49,1994-08-08,Prague,,CZE,CZE,71,176,L,2015,5,137,Y,21,Dominik,Simon,PIT,PIT,C,3, , ,3,0,1,1,1,0,2,0,0,0.00%,0.00%,1093,6.1,28,9.3,39,14,46.1,0,0,0.00%,,,,0,,0,0,1,1,0,1,0,0,3.3,3.3,0,3.3,0,0,0,0,0,0,0,2,0,,, ,,0,0,0,0,0,0,0,0,0,0,0,0,0,0%,0.1,0,0.1,0.03,0.33,2,0.6,0.5,-0.2,0.1,0,0,0.1,0.03,0.33,10.5,0,0,0,0,0,0,0,0,0,1,1,0,0,0,6,0,,0.667,0.693,0.03,0,0.258,0.1
46,1988-01-20,Superior,WI,USA,USA,71,190,R,,,,,28,Mike,Sislo,NJD,NJD,RW,18, , ,18,3,1,0,4,-2,29,18,6,10.30%,5.70%,13419,12.4,300,16.7,44.7,0,0,0,2,0.00%,,,2,0,,0,25,25,6,18,2,3,6.7,6.7,1.6,4.8,0.5,0.8,4,2,0,0,0,0,35,-1.3,,, ,,1,0,0,0,1,0,0,0,0,0,2,0,0,0%,0.2,0.3,0.4,0.02,0.11,1,4.3,3.9,-1,0,0.4,0,0.4,0.02,0.11,37.9,0,0,1,17,3,0,4,7,1,0,14,0,1,0,39,0,,0.575,0.562,0.118,0,0,0.4
10,1993-11-05,North Vancouver,BC,CAN,CAN,73,200,R,2012,2,50,Y,22,Colton,Sissons,NSH,NSH,C/RW,34, , ,34,4,2,0,6,5,25,9,10,16.00%,9.10%,20317,10,507,14.9,40.1,0,0,141,111,56.00%,1,1,157,81,95,60,20,35,20,9,5,7,3.5,6.2,3.5,1.6,0.9,1.2,12,1,2,0,0,0,69,-0.8,,, ,,0,0,0,0,1,0,0,1,2,0,0,0,0,0%,0.2,0.6,0.8,0.02,0.14,3,6.1,7.4,4.3,0.1,1.6,0,1.7,0.05,0.3,21.5,0,1,2,6,5,1,2,2,6,0,9,1,0,0,77,0,,0.6,0.635,0.364,0,0.21,1.4
8,1987-05-19,Madison,WI,USA,USA,73,216,R,2005,1,7,,28,Jack,Skille,COL,COL,RW/LW,74, , ,74,8,6,6,14,-4,106,38,32,7.50%,4.50%,39216,8.8,961,13,40.8,91,8.4,4,15,21.10%,,,13,3,6,1,74,97,25,38,8,17,6.8,8.9,2.3,3.5,0.7,1.6,11,3,1,0,0,0,134,3.7,,, ,,3,0,0,1,0,0,1,2,1,0,4,0,0,0%,0.6,0.6,1.2,0.02,0.11,4,12.6,13.2,-2,0.6,1.1,0,1.7,0.02,0.16,33.4,0,3,6,29,12,2,8,13,3,3,65,0,1,0,186,5,Concussion,0.675,0.675,0.675,41,0,1.4
53,1992-05-16,Toronto,ON,CAN,CAN,71,200,L,2010,1,7,,23,Jeff,Skinner,CAR,CAR,LW,81, , ,82,28,23,20,51,-2,258,80,97,10.90%,6.40%,80129,16.3,1711,20.9,46.8,218,9.8,20,27,42.60%,,,27,11,20,9,86,21,17,80,43,77,3.9,0.9,0.8,3.6,1.9,3.5,38,13,0,1,0,0,76,16.9,3,0,0%,0,6,1,7,1,2,1,1,4,5,0,15,0,1,100%,5.2,1.8,7,0.09,0.31,6,32.5,28.3,9.2,8.4,3.4,-0.6,11.2,0.14,0.5,25.9,1,4,6,69,30,4,40,60,10,4,110,6,6,5,186,0,,6,5.725,5.725,0,0,0.2
76,1994-03-26,Lakeville,MN,USA,USA,75,206,L,2012,1,28,Y,21,Brady,Skjei,NYR,NYR,D,6, , ,7,0,0,0,0,1,6,3,8,0.00%,0.00%,7448,17.7,179,25.6,41.6,0,0,0,0,0.00%,,,,0,,0,8,11,11,3,3,4,3.9,5.3,5.3,1.5,1.5,1.9,4,2,0,0,0,0,26,-1.6,,, ,,0,0,0,0,0,0,0,0,0,0,0,0,0,0%,-0.2,0.3,0.1,0.01,0.05,4,1.8,2.8,0.3,-0.4,0.3,0,-0.1,-0.01,-0.05,34.5,0,0,1,2,0,0,1,2,0,0,3,0,0,0,11,0,,0.925,0.925,0.055,0,0,-0.1
74,1994-05-01,Denver,CO,USA,USA,74,205,L,2012,4,120,Y,21,Jaccob,Slavin,CAR,CAR,D,62, , ,63,2,18,7,20,1,84,41,60,2.40%,1.10%,79331,21,1622,25.7,48.9,63,2.9,0,0,0.00%,,,,0,,0,106,41,119,41,25,54,4.8,1.9,5.4,1.9,1.1,2.5,8,4,0,0,0,0,168,11.1,2,1,50%,1,1,0,0,0,0,0,0,0,0,0,2,0,0,0%,0.8,3.7,4.5,0.07,0.2,6,22.1,26,8,2.2,4.8,0.2,7.3,0.12,0.33,51.1,0,1,2,38,4,0,37,14,0,0,29,0,1,1,141,0,,0.693,0.743,0.701,0,0,6.7
42,1994-05-13,Penza,,RUS,RUS,74,187,R,2013,3,88,Y,21,Anton,Slepyshev,EDM,EDM,LW,11, , ,11,0,1,1,1,-5,5,4,7,0.00%,0.00%,5736,8.7,138,12.5,41.6,16,10,1,0,100.00%,,,,0,1,1,7,13,1,4,2,2,4.4,8.2,0.6,2.5,1.3,1.3,2,1,0,0,0,0,16,-0.2,,, ,,0,0,0,0,0,0,0,0,0,0,0,0,0,0%,-0.2,-0.1,-0.2,-0.02,-0.13,1,2.4,2.3,-4.1,-0.7,-0.2,0,-0.9,-0.08,-0.56,27.4,0,0,1,3,1,0,1,2,0,0,1,0,0,0,29,0,,0.925,0.925,0.238,0,0.6,-1.2
15,1986-02-01,Frydlant,,CZE,CZE,76,210,L,2004,1,9,,30,Ladislav,Smid,CGY,CGY,D,22, , ,22,0,0,0,0,-7,11,4,9,0.00%,0.00%,15293,11.6,376,17.1,40.7,0,0,0,0,0.00%,,,,0,,0,14,39,33,4,4,1,3.3,9.2,7.8,0.9,0.9,0.2,6,3,0,0,0,0,78,1.1,,, ,,0,0,0,0,0,0,0,0,0,0,0,0,0,0%,-0.3,-0.1,-0.5,-0.02,-0.12,4,5.1,6.4,-5.9,-1.2,-0.2,0,-1.4,-0.06,-0.33,43,0,0,1,3,1,0,2,2,0,0,6,0,0,0,186,32,"Upper body, Neck",3.75,3.5,3.5,1366,0,-7.7
26,1988-07-11,Winston-Salem,NC,USA,USA,71,198,R,2008,6,169,,27,Ben,Smith,TOR,"SJS, TOR",RW/C,6,16, ,22,2,4,2,6,2,17,9,8,11.80%,5.90%,15962,12.1,401,18.2,39.8,0,0,100,85,54.10%,3,0,127,64,58,36,37,18,16,9,3,8,8.3,4.1,3.6,2,0.7,1.8,0,0,0,0,0,0,34,-0.7,,, ,,1,0,1,0,0,0,0,1,0,0,1,0,0,0%,0.1,0.4,0.5,0.02,0.11,2,5,6.2,3.1,0.2,1.2,0,1.4,0.06,0.32,32.9,0,0,1,8,1,0,3,5,1,0,7,1,0,0,186,24,"Concussion, Upper body",1.5,1.5,1.255,439,0,-0.1
2,1989-02-08,Mimico,ON,CAN,CAN,74,211,L,2007,1,27,,26,Brendan,Smith,DET,DET,D,62, , ,63,3,12,6,15,1,82,33,57,3.70%,1.70%,66540,17.6,1586,25.2,42,77,4.2,0,0,0.00%,,,,0,,0,107,94,42,33,35,10,5.8,5.1,2.3,1.8,1.9,0.5,62,26,2,0,0,0,200,-4.6,,, ,,1,0,0,0,0,0,1,0,0,0,2,0,0,0%,0.7,2.7,3.4,0.05,0.18,0,20.4,23.7,2.7,1.1,2.8,0,3.9,0.06,0.21,50.4,1,1,2,29,0,0,45,4,0,0,33,0,2,0,186,5,Illness,2.25,2.75,2.75,168,0,-0.8
15,1989-09-05,Madison,WI,USA,USA,73,208,R,2009,4,98,,26,Craig,Smith,NSH,NSH,RW,81, , ,82,21,16,14,37,4,199,75,73,10.60%,6.10%,74709,15.2,1704,20.8,43.8,157,7.6,76,154,33.00%,,,181,56,49,20,94,84,18,75,44,42,4.5,4,0.9,3.6,2.1,2,40,19,0,0,0,0,142,-5.9,6,2,33%,2,9,0,6,0,2,1,1,4,2,0,11,0,0,0%,3.1,1.6,4.7,0.06,0.23,5,28.9,25.2,4.3,3.8,3,0,6.9,0.08,0.33,27,0,4,14,57,19,4,18,32,12,5,109,2,5,3,186,0,,3.75,4.25,4.25,0,0,-1
18,1991-04-01,Toronto,ON,CAN,CAN,72,185,L,2009,3,69,,24,Reilly,Smith,FLA,FLA,RW/LW,82, , ,82,25,25,17,50,19,173,58,68,14.50%,8.40%,91566,18.6,1957,23.9,46.8,136,5.3,0,2,0.00%,,,2,0,,0,120,85,39,58,31,51,4.7,3.3,1.5,2.3,1.2,2,31,8,1,1,0,0,156,4.8,1,0,0%,0,6,0,3,3,2,1,4,8,3,0,7,0,1,100%,4.3,2.3,6.6,0.08,0.26,7,31.8,31.4,10.6,8.2,4.1,-0.2,12.1,0.15,0.48,28.8,0,5,6,47,19,1,29,32,16,1,75,4,1,5,186,0,,3.35,3.425,3.425,0,0,6
15,1988-04-05,Maple Creek,SK,CAN,CAN,74,209,L,2008,3,79,,27,Zack,Smith,OTT,OTT,C/LW,80, , ,81,25,11,7,36,16,121,55,44,20.70%,11.40%,74843,15.4,1670,20.6,44.8,74,3.6,380,349,52.10%,14,8,480,260,249,120,105,175,26,55,26,33,5.1,8.4,1.3,2.6,1.3,1.6,80,25,4,1,0,0,285,-2.9,2,0,0%,0,5,0,4,1,1,1,1,4,3,0,15,1,1,100%,3.6,1.7,5.4,0.07,0.26,4,24.6,24.4,13.7,6.8,2.9,-0.4,9.3,0.11,0.45,30.5,1,3,6,45,8,2,11,16,10,1,73,2,5,0,186,0,,2,1.887,1.888,0,0,6.5
25,1992-06-14,Scarborough,ON,CAN,CAN,72,214,R,2010,2,42,,23,Devante,Smith-Pelly,NJD,"MTL, NJD",RW/C,46,18, ,64,14,11,5,25,-3,94,31,25,14.90%,9.30%,47203,12.3,1162,18.2,40.6,48,3.7,2,3,40.00%,,,3,1,2,1,98,105,23,31,18,7,7.5,8,1.8,2.4,1.4,0.5,30,15,0,0,0,0,158,0.9,,, ,,2,0,5,0,4,0,1,2,3,0,4,0,0,0%,2.2,0.9,3.1,0.05,0.24,5,18.8,17.9,0.6,2.8,2,0,4.7,0.07,0.36,30.6,0,0,1,30,12,4,3,13,7,0,55,2,1,0,186,9,Lower body,0.8,0.8,0.8,88,0,4.2
34,1985-10-12,MalmÃ¶,,SWE,SWE,75,216,L,2004,2,49,,30,Carl,Soderberg,COL,COL,C,82, , ,82,12,39,27,51,-7,163,54,50,7.40%,4.50%,88634,18,1867,22.8,47.5,260,10.6,339,380,47.10%,13,7,407,195,312,144,82,27,71,54,26,32,3.3,1.1,2.9,2.2,1.1,1.3,32,16,0,0,0,0,130,3.8,,, ,,3,0,0,2,1,1,0,0,2,0,8,0,0,0%,2.9,1.4,4.3,0.05,0.17,8,30.3,29.7,0.1,6.1,2.3,0,8.4,0.1,0.34,31.9,0,2,5,47,33,2,4,11,3,1,109,1,2,1,186,0,,5,4.75,4.75,0,0,-0.5
41,1993-10-14,Nizhny Tagil,,RUS,RUS,71,186,L,,,,Y,22,Nikita,Soshnikov,TOR,TOR,RW,11, , ,11,2,3,1,5,-4,33,9,11,6.10%,3.80%,10310,15.6,246,22.4,41.9,20,7,0,1,0.00%,,,1,0,,0,29,34,6,9,3,2,10.1,11.9,2.1,3.1,1,0.7,6,3,0,0,0,0,46,0.8,1,1,100%,1,0,0,0,0,0,0,0,2,0,0,0,0,0,0%,0.3,0,0.3,0.03,0.1,5,4.1,3.3,-2.5,0.2,-0.1,0.5,0.6,0.05,0.21,30.9,0,0,1,8,4,0,0,11,0,0,18,1,0,1,35,7,Lower body,0.667,0.737,0.139,85,0,0.5
16,1988-09-19,Palmerston,ON,CAN,CAN,73,198,L,2007,2,58,,27,Nick,Spaling,SJS,"TOR, SJS",C/LW,35,23, ,58,3,10,3,13,-2,53,24,31,5.70%,2.80%,49684,14.3,1250,21.6,39.7,40,2.9,309,292,51.40%,17,7,356,187,245,122,54,65,45,24,13,31,3.9,4.7,3.3,1.7,0.9,2.2,24,11,0,0,0,0,134,-11.2,,, ,,1,0,0,0,0,0,0,1,1,0,1,0,0,0%,-0.5,0.9,0.4,0.01,0.03,4,13.5,18.3,-1.2,-1,2.8,0,1.8,0.03,0.13,25,1,0,3,20,5,4,2,6,3,0,33,0,0,0,324,22,"Upper body, Undisclosed",2.2,2.2,3.833,590,0,-4.3
90,1983-06-13,Toronto,ON,CAN,CAN,75,220,R,2001,1,2,,32,Jason,Spezza,DAL,DAL,C,74, , ,75,33,30,18,63,4,202,86,103,16.30%,8.40%,74340,16.5,1635,21.8,45.5,161,7.8,538,443,54.80%,7,4,675,363,306,175,35,9,20,86,62,45,1.7,0.4,1,4.2,3,2.2,22,11,0,0,0,0,51,-2.4,2,1,50%,0,9,0,7,2,3,0,4,2,4,0,20,0,0,0%,7.5,1.3,8.8,0.12,0.43,4,29.4,20.3,10.2,15.5,0.7,0.2,16.4,0.22,0.79,31.5,2,4,13,67,13,2,28,21,11,5,122,6,4,6,186,7,"Illness, Upper body",7.5,7.5,7.5,640,0,1.6
51,1992-01-30,Ottawa,ON,CAN,CAN,70,184,L,2010,2,45,,24,Ryan,Spooner,BOS,BOS,C/LW,80, , ,80,13,36,29,49,-9,162,55,58,8.00%,4.70%,72677,15.1,1539,19.2,47.2,309,15.3,304,407,42.80%,3,0,420,183,291,121,58,53,19,55,35,25,2.9,2.6,0.9,2.7,1.7,1.2,35,10,1,0,1,0,108,-1.5,4,3,75%,3,3,0,4,1,2,0,1,1,0,0,9,0,0,0%,3.6,0.9,4.5,0.06,0.22,3,28.5,21.2,-8.1,6.8,0.1,1.2,8.1,0.1,0.4,33.6,1,4,5,45,17,1,14,23,5,1,101,4,4,1,186,2,"Undisclosed, Illness",0.8,0.95,0.95,23,0,7.2
41,1997-03-17,Amsterdam,,NLD,NLD,72,180,R,2015,2,46,Y,18,Daniel,Sprong,PIT,PIT,RW,18, , ,18,2,0,0,2,-1,23,8,12,8.70%,4.70%,9423,8.7,221,12.3,42.6,0,0,1,1,50.00%,,,1,0,1,1,16,14,3,8,5,4,6.1,5.3,1.1,3.1,1.9,1.5,0,0,0,0,0,0,17,0.8,,, ,,0,0,0,0,0,0,0,1,0,0,1,0,0,0%,0,0.1,0.1,0.01,0.04,2,2,1.9,-1.4,0.2,0.1,0,0.3,0.02,0.11,35.4,0,2,2,4,2,0,3,5,1,1,11,1,0,0,73,0,,0.667,0.693,0.363,0,0.258,0
46,1989-11-29,Edmonton,AB,CAN,CAN,69,176,R,2008,6,156,,26,Jared,Spurgeon,MIN,MIN,D,76, , ,77,11,18,8,29,11,122,57,69,9.00%,4.40%,104775,22.7,2268,29.5,46.2,71,2.4,0,0,0.00%,,,,0,,0,112,51,157,57,22,19,3.8,1.8,5.4,2,0.8,0.7,14,7,0,0,0,0,222,8.9,,, ,,3,0,2,0,2,0,2,2,0,0,5,0,0,0%,2.4,4.9,7.2,0.09,0.25,6,38.9,38.4,7.8,3,6.1,0,9.1,0.12,0.31,46.6,1,0,6,50,4,1,53,11,0,1,52,3,1,5,186,5,"Lower body, Oblique",3.6,2.667,2.667,163,0,4.6
12,1984-10-29,Thunder Bay,ON,CAN,CAN,76,205,L,2003,1,2,,31,Eric,Staal,NYR,"CAR, NYR",C/LW,62,20, ,83,13,26,16,39,-2,199,98,81,6.50%,3.40%,92406,18.6,1986,23.9,46.5,188,7.3,446,396,53.00%,19,6,553,301,283,142,107,74,33,98,39,62,4.2,2.9,1.3,3.8,1.5,2.4,34,17,0,0,0,0,141,1.9,1,0,0%,0,4,0,0,1,2,0,1,3,1,0,6,0,0,0%,1.6,1.8,3.4,0.04,0.13,5,32,27.7,5,1.7,2.9,-0.2,4.4,0.05,0.17,23.2,0,4,9,85,27,6,19,38,8,10,91,3,4,2,228,0,,9.5,8.25,8.249,0,0,-11.7
11,1988-09-10,Thunder Bay,ON,CAN,CAN,76,220,L,2006,1,2,,27,Jordan,Staal,CAR,CAR,C,81, , ,82,20,28,20,48,6,151,66,54,13.20%,7.40%,90039,18.3,2104,25.7,42.8,213,8.5,806,589,57.80%,40,17,946,536,449,270,117,165,31,66,50,55,4.7,6.6,1.2,2.6,2,2.2,34,17,0,0,0,0,230,0.6,,, ,,5,3,4,1,1,2,0,6,1,0,10,0,0,0%,3.5,2.3,5.8,0.07,0.23,8,29.4,28,17.9,7.3,5.6,0,12.9,0.16,0.52,24.9,2,2,2,60,18,8,3,41,12,2,67,4,4,3,186,0,,6,6,6,0,0,1.3
18,1987-01-13,Thunder Bay,ON,CAN,CAN,76,207,L,2005,1,12,,29,Marc,Staal,NYR,NYR,D,77, , ,77,2,13,5,15,2,65,28,52,3.10%,1.40%,90918,19.7,2102,27.3,43.3,64,2.5,1,3,25.00%,,,3,0,1,1,126,65,120,28,49,20,5,2.6,4.8,1.1,1.9,0.8,36,18,0,0,0,0,221,-4.4,,, ,,2,0,1,0,0,0,0,1,1,0,0,0,0,0%,0,2.7,2.8,0.04,0.11,4,22.9,31.3,-6.3,0.3,2.4,0,2.7,0.04,0.11,55.4,0,1,3,24,2,0,16,10,4,0,33,0,0,1,186,4,"Back, Illness, Lower body",7,5.7,5.7,278,0,-8.3
12,1985-10-30,Milwaukee,WI,USA,USA,74,214,R,2004,1,13,,30,Drew,Stafford,WPG,WPG,RW/C,77, , ,78,21,17,10,38,-23,187,40,62,11.20%,7.30%,83646,17.9,1811,23.2,46.2,122,5.3,51,50,50.50%,,,76,36,25,15,63,59,15,40,34,30,2.7,2.5,0.6,1.7,1.5,1.3,28,14,0,0,0,0,102,-4.7,1,0,0%,0,3,0,6,2,3,0,0,1,1,0,16,0,0,0%,2.8,0.5,3.3,0.04,0.14,3,31,29.9,-18.6,3.4,1,-0.2,4.1,0.05,0.18,30.4,0,1,7,32,16,3,9,24,3,3,129,5,2,1,186,3,Undisclosed,4.35,4.35,4.35,159,0,-4
18,1983-12-19,Mississauga,ON,CAN,CAN,73,195,L,2002,2,57,,32,Matt,Stajan,CGY,CGY,C,80, , ,80,6,11,8,17,-4,58,24,29,10.30%,5.40%,60948,12.7,1564,19.6,39,101,6,373,415,47.30%,6,0,475,221,313,152,60,77,45,24,34,34,3.5,4.5,2.7,1.4,2,2,52,16,0,2,0,0,174,-3.7,,, ,,2,0,0,0,1,1,0,0,1,0,3,0,0,0%,-0.3,0.8,0.5,0.01,0.03,2,16,21.3,-3.6,-0.4,2.2,0,1.8,0.02,0.11,29.7,0,2,2,20,6,2,12,9,5,1,23,0,1,1,186,1,Undisclosed,3.875,3.25,3.125,40,0,-3.7
25,1986-01-17,Gothenburg,,SWE,SWE,75,209,L,2006,6,161,,30,Viktor,Stalberg,NYR,NYR,LW/RW,74, , ,75,9,11,5,20,6,125,50,36,7.20%,4.30%,54914,12.2,1415,18.9,38.8,68,4.5,2,4,33.30%,,,3,2,3,0,108,144,33,50,22,29,7.1,9.4,2.2,3.3,1.4,1.9,22,11,0,0,0,0,199,1.8,,, ,,1,0,0,1,2,0,0,2,1,0,4,0,0,0%,0.8,1.1,1.8,0.02,0.12,4,15.8,18,1.2,1.7,2.2,0,3.8,0.05,0.25,27.8,0,2,2,46,12,0,10,26,11,1,65,0,0,1,372,3,"Lower body, Head",1.1,1.1,1.767,40,0,2.4
91,1990-02-07,Markham,ON,CAN,CAN,73,194,R,2008,1,1,,26,Steven,Stamkos,TBL,TBL,C/RW,76, , ,77,36,28,17,64,3,216,95,93,16.70%,8.90%,91266,19.8,1736,22.5,52.6,136,5.4,463,464,49.90%,1,0,653,325,274,138,81,109,35,95,45,45,3.2,4.3,1.4,3.7,1.8,1.8,38,19,0,0,0,0,182,-2,1,1,100%,1,5,0,8,2,3,1,11,3,1,0,17,1,3,300%,7.3,1.9,9.2,0.12,0.36,4,37.5,28.1,0.7,13,1.9,0.5,15.4,0.2,0.61,33,2,5,19,69,17,2,68,28,10,0,91,4,9,5,186,5,Blood clots,5.5,7.5,7.5,457,0,0.6
20,1989-07-20,St. Albert,AB,CAN,CAN,74,196,L,,,,,26,Ryan,Stanton,WSH,WSH,D,1, , ,1,0,0,0,0,-1,0,0,0,0.00%,0.00%,521,8.7,19,19,27.4,0,0,0,0,0.00%,,,,0,,0,1,0,0,0,0,0,6.9,0,0,0,0,0,2,1,0,0,0,0,2,-1,,, ,,0,0,0,0,0,0,0,0,0,0,0,0,0,0%,0,-0.1,-0.1,-0.1,-0.69,0,0.6,0.7,-1.3,-0.1,-0.1,0,-0.3,-0.3,-2.07,0,0,0,0,0,0,0,0,0,0,0,0,0,0,0,18,0,,0.575,0.575,0.056,0,0,-0.3
26,1985-12-27,Quebec City,QC,CAN,USA,72,205,L,2005,2,44,,30,Paul,Stastny,STL,STL,C,64, , ,64,10,39,20,49,3,103,51,25,9.70%,5.60%,73542,19.2,1714,26.8,42.9,160,7.8,684,536,56.10%,24,18,766,401,454,283,42,32,40,51,7,20,2.1,1.6,2,2.5,0.3,1,26,13,0,0,0,0,98,-4.5,1,0,0%,0,1,0,2,0,2,0,0,0,4,0,4,0,0,0%,3.2,1.6,4.9,0.08,0.24,5,32.2,29.7,0.7,4.5,3.1,-0.2,7.4,0.12,0.36,20.3,1,3,3,44,14,7,0,4,14,0,64,1,1,1,186,18,"Upper body, Foot",7,7,7,1537,0,-6.3
20,1984-03-01,Winnipeg,MB,CAN,SWE,71,212,L,2002,1,24,,31,Alexander,Steen,STL,STL,LW/C,67, , ,67,17,35,20,52,3,172,54,66,9.90%,5.80%,81892,20.4,1950,29.1,42,158,6.9,159,198,44.50%,15,7,171,85,186,74,103,50,35,54,20,36,4.5,2.2,1.5,2.4,0.9,1.6,48,24,0,0,0,0,133,-5.6,6,4,67%,1,3,1,2,1,1,1,4,2,2,0,7,0,0,0%,4,1.8,5.8,0.09,0.25,6,31,27.9,1.4,7.4,3,1.4,11.8,0.18,0.52,33.4,0,4,6,44,9,1,40,17,9,0,96,3,5,3,186,15,Upper body,5.8,5.8,5.8,1061,0,0.6
20,1983-02-04,West Seneca,NY,USA,USA,71,195,R,2003,5,148,,33,Lee,Stempniak,BOS,"NJD, BOS",RW,62,19, ,82,19,32,15,51,4,146,52,59,13.00%,7.40%,88283,17.9,1927,23.5,45.8,106,4.3,2,11,15.40%,,,6,0,7,2,72,113,34,52,30,31,2.9,4.6,1.4,2.1,1.2,1.3,38,18,0,0,0,0,185,-8.1,6,1,17%,1,5,2,4,1,1,2,1,6,1,0,8,0,0,0%,3.9,2.2,6.1,0.07,0.25,5,34.9,34.1,13.8,5.9,5.3,-0.6,10.6,0.13,0.43,27.1,1,3,5,43,12,3,8,41,8,4,70,4,1,6,186,0,,0.85,0.85,0.85,0,0,10
21,1990-06-18,Hastings,MN,USA,USA,72,196,R,2008,2,51,,25,Derek,Stepan,NYR,NYR,C,71, , ,72,22,31,16,53,5,192,62,52,11.50%,7.20%,76703,17.8,1757,24.4,43.7,147,6.9,515,588,46.70%,36,11,770,369,315,136,89,38,39,62,30,62,4.2,1.8,1.8,2.9,1.4,2.9,20,9,0,0,0,0,97,2.4,2,2,100%,0,3,0,5,1,3,0,1,3,2,0,13,0,0,0%,5,1.4,6.4,0.09,0.3,8,31.3,30.2,-0.7,8.9,2.4,0.9,12.2,0.17,0.57,32.1,1,2,11,48,15,1,20,39,10,1,106,5,3,2,186,10,Ribs,8,6.5,6.5,793,0,-0.5
18,1994-04-22,Saskatoon,SK,CAN,CAN,71,190,L,2012,3,77,Y,21,Chandler,Stephenson,WSH,WSH,C,9, , ,9,0,0,0,0,-3,2,1,1,0.00%,0.00%,4243,7.9,96,10.7,44.2,0,0,30,25,54.50%,,,42,24,13,6,9,5,4,1,1,3,7.6,4.2,3.4,0.8,0.8,2.5,2,1,0,0,0,0,11,-1.1,,, ,,0,0,0,0,0,0,0,0,0,0,0,0,0,0%,-0.2,-0.1,-0.3,-0.03,-0.25,1,1.1,1.1,-3.3,-0.5,-0.2,0,-0.7,-0.08,-0.59,12,0,0,0,1,1,0,0,0,0,0,1,0,0,0,29,0,,0.693,0.726,0.144,0,0.233,-0.8
29,1987-10-30,Toronto,ON,CAN,CAN,74,231,R,2006,1,18,,28,Chris,Stewart,ANA,ANA,RW,56, , ,56,8,12,9,20,2,78,32,23,10.30%,6.00%,36271,10.8,827,14.8,43.9,89,8.8,3,6,33.30%,,,6,2,3,1,56,72,10,32,20,12,5.6,7.1,1,3.2,2,1.2,73,13,7,1,0,0,162,-3.7,1,1,100%,1,2,0,1,0,0,1,0,0,4,0,3,1,1,100%,1.5,0.9,2.4,0.04,0.24,1,14.6,12.5,1.9,1.8,1.2,0.5,3.5,0.06,0.35,27.9,0,1,5,26,13,1,8,5,10,2,39,1,0,0,186,19,Jaw,1.7,1.7,1.7,394,0,1.1
19,1982-06-24,Melville,SK,CAN,CAN,73,216,R,2002,2,36,,33,Jarret,Stoll,MIN,"NYR, MIN",C,29,50, ,80,4,5,1,9,-1,49,17,12,8.20%,5.10%,58450,12.2,1495,18.7,39.1,16,1,481,362,57.10%,2,0,632,367,211,114,95,117,69,17,11,8,5.9,7.2,4.2,1,0.7,0.5,36,18,0,0,0,0,222,-12.7,,, ,,2,0,0,0,0,0,2,1,0,0,1,0,0,0%,-1.2,1,-0.2,0,-0.01,4,12.9,20.2,-5.8,-1.9,2.1,0,0.2,0,0.01,31.7,1,1,2,13,6,2,12,3,3,0,23,0,1,0,186,0,,0.8,0.8,0.8,0,0,-0.3
61,1992-05-13,Winnipeg,MB,CAN,CAN,75,205,R,2010,6,178,,23,Mark,Stone,OTT,OTT,RW,74, , ,75,23,38,21,61,-4,151,65,56,15.20%,8.50%,90511,20.1,1789,23.9,50.6,181,7.2,8,11,42.10%,,,11,6,8,2,99,55,54,65,54,128,3.9,2.2,2.1,2.6,2.1,5.1,38,19,0,0,0,0,147,-10.4,3,0,0%,0,2,1,1,3,4,1,2,0,2,0,14,0,0,0%,5.6,1.1,6.7,0.09,0.27,6,38.3,32.5,-5.5,9.5,1.2,-0.6,10,0.13,0.4,25.9,2,3,11,49,22,2,14,13,11,3,86,3,1,3,186,5,Chest,2.25,3.5,3.5,213,0,3.7
26,1990-06-07,Winnipeg,MB,CAN,CAN,75,210,R,2008,3,69,,25,Michael,Stone,ARI,ARI,D,74, , ,75,6,30,15,36,-10,161,85,118,3.70%,1.60%,101099,22.5,2250,30,44.9,143,5.1,0,2,0.00%,,,1,0,1,0,151,137,143,85,20,15,5.4,4.9,5.1,3,0.7,0.5,62,31,0,0,0,0,342,-9.4,,, ,,2,0,1,0,0,0,4,0,0,0,2,0,0,0%,2.7,2.5,5.1,0.07,0.18,6,38.1,35,-1.7,4.9,1.6,0,6.5,0.09,0.23,54.5,1,1,5,78,1,0,87,9,0,0,64,0,1,3,186,7,Knee,1.45,1.15,1.15,98,0,5.2
3,1985-02-19,Port McNeill,BC,CAN,CAN,76,216,L,2004,3,79,,30,Clayton,Stoner,ANA,ANA,D,50, , ,50,1,5,1,6,4,32,16,23,3.10%,1.40%,46081,15.4,1037,20.7,44.4,16,1.2,0,0,0.00%,,,,0,,0,113,123,55,16,31,2,8.8,9.6,4.3,1.2,2.4,0.2,67,11,7,1,0,0,252,-6.1,,, ,,0,0,0,1,0,0,0,0,0,0,1,0,0,0%,-0.2,2.3,2.2,0.04,0.17,2,11.6,17.9,1.7,-0.5,3.8,0,3.3,0.07,0.26,53,0,0,1,15,1,0,12,3,1,0,15,0,0,0,186,19,"Undisclosed, Lower body",3.25,3.25,3.25,753,0,-2.4
28,1984-10-30,Melfort,SK,CAN,CAN,75,210,R,2003,5,137,,31,Tyson,Strachan,MIN,MIN,D,2, , ,2,0,0,0,0,1,0,1,1,0.00%,0.00%,906,7.6,21,10.5,43.1,0,0,0,0,0.00%,,,,0,,0,1,4,0,1,0,0,4,15.9,0,4,0,0,0,0,0,0,0,0,4,0.1,,, ,,0,0,0,0,0,0,0,0,0,0,0,0,0,0%,0,0.1,0.1,0.05,0.4,4,0.3,0.4,1,-0.1,0.2,0,0.1,0.05,0.4,0,0,0,1,0,0,0,0,0,0,0,0,0,0,0,387,0,,0.65,0.65,1.352,0,0,-0.3
37,1988-01-04,Waltham,MA,USA,USA,73,206,L,2006,3,65,,28,Brian,Strait,NYI,NYI,D,51, , ,52,1,5,1,6,1,43,26,41,2.30%,0.90%,48164,15.4,1039,20,46.4,8,0.6,0,0,0.00%,,,,0,,0,82,106,65,26,26,9,6.1,7.9,4.9,1.9,1.9,0.7,31,13,1,0,0,0,203,-1.9,,, ,,0,0,0,0,0,0,1,0,0,0,0,0,0,0%,-0.2,1.8,1.6,0.03,0.12,1,13.8,19.3,-1.8,-0.9,2.5,0,1.6,0.03,0.12,51.4,0,0,2,24,1,0,11,9,1,0,21,0,0,1,186,3,Upper body,0.925,0.775,0.775,28,0,1.1
6,1986-08-01,Tibro,,SWE,SWE,71,190,R,2005,7,216,,29,Anton,Stralman,TBL,TBL,D,72, , ,73,9,25,10,34,16,127,48,72,7.10%,3.60%,96700,22.1,1832,25.1,52.8,81,3,0,0,0.00%,,,,0,,0,106,99,73,48,35,26,3.9,3.7,2.7,1.8,1.3,1,20,10,0,0,0,0,192,0.2,,, ,,1,0,0,1,1,0,0,0,1,0,7,0,0,0%,2.9,4.9,7.9,0.11,0.29,6,34.1,31.6,11.4,6,5.5,0,11.5,0.16,0.43,48.1,2,1,5,40,6,0,59,7,3,0,52,0,1,2,186,9,"Leg, Illness",4.5,4.5,4.5,494,0,3.1
10,1987-02-13,Coquitlam,BC,CAN,CAN,71,185,L,,,,,28,Ben,Street,COL,COL,C,7, , ,7,0,0,0,0,-1,8,1,1,0.00%,0.00%,3085,7.3,87,12.4,35.5,0,0,26,21,55.30%,,,34,21,13,5,8,6,4,1,2,0,9.3,7,4.7,1.2,2.3,0,4,2,0,0,0,0,14,-1.1,,, ,,0,0,0,0,0,0,0,0,0,0,0,0,0,0%,-0.1,0,-0.1,-0.01,-0.12,3,1.3,1.3,-0.7,-0.6,0,0,-0.6,-0.09,-0.7,37,0,0,0,1,2,0,1,2,0,1,2,0,0,0,114,44,Chest,0.65,0.65,0.398,349,0,-0.7
32,1977-12-11,Bern,,CHE,CHE,71,191,L,2004,9,262,,38,Mark,Streit,PHI,PHI,D,61, , ,62,6,17,6,23,-1,110,47,68,5.50%,2.70%,81373,21.9,1760,28.4,46.2,63,2.8,0,0,0.00%,,,,0,,0,69,28,90,47,41,14,3.1,1.2,4,2.1,1.8,0.6,18,9,0,0,0,0,136,7.4,,, ,,2,0,1,0,0,0,2,1,0,0,3,0,0,0%,1.5,2.9,4.4,0.07,0.19,5,27.9,26.4,-0.2,2.4,2.3,0,4.7,0.08,0.21,48.7,0,1,5,41,5,0,70,15,0,0,20,0,1,1,186,19,Groin,5.75,5.25,5.25,1216,0,-5.3
18,1993-07-11,Mississauga,ON,CAN,CAN,73,199,R,2011,1,5,,22,Ryan,Strome,NYI,NYI,RW/C,70, , ,71,8,20,11,28,-9,132,44,44,6.10%,3.60%,66702,15.7,1404,19.8,47.5,140,7.6,39,56,41.10%,,,63,23,32,16,57,77,19,44,38,35,3.1,4.2,1,2.4,2.1,1.9,28,14,0,0,0,0,124,-5.2,,, ,,3,0,0,1,1,0,0,4,0,0,3,0,0,0%,1,0.8,1.8,0.03,0.1,2,25,22.7,-11.1,0.2,0.7,0,0.9,0.01,0.05,33.2,0,0,8,36,12,0,9,26,4,0,81,0,2,2,166,2,"Upper body, Illness",0.833,0.863,1.529,42,0.85,-1.3
17,1979-11-06,Rocky Mountain House,AB,CAN,CAN,74,215,L,1998,1,3,,36,Brad,Stuart,COL,COL,D,6, , ,6,0,0,0,0,-2,0,3,1,0.00%,0.00%,5040,14,127,21.2,39.7,0,0,0,0,0.00%,,,,0,,0,7,11,7,3,3,0,5,7.9,5,2.1,2.1,0,0,0,0,0,0,0,18,0.4,,, ,,0,0,0,0,0,0,0,0,0,0,0,0,0,0%,-0.1,0,-0.1,-0.02,-0.07,3,1.1,1.2,-1.8,-0.2,-0.2,0,-0.4,-0.07,-0.29,0,0,0,0,3,0,0,0,0,0,0,0,0,0,0,186,71,Back,3.6,3.6,3.6,3117,0,-6.9
5,1984-04-27,Rochester,MN,USA,USA,74,215,L,2003,1,21,,31,Mark,Stuart,WPG,WPG,D,64, , ,64,1,2,0,3,-7,39,25,41,2.60%,1.00%,62784,16.4,1355,21.2,46.3,0,0,0,0,0.00%,,,,0,,0,76,162,120,25,43,3,4.4,9.3,6.9,1.4,2.5,0.2,66,21,4,0,0,0,352,-4.4,,, ,,0,0,0,1,0,0,1,0,0,0,0,0,0,0%,-0.9,1.3,0.5,0.01,0.03,4,14.9,25,-11,-2.3,1.2,0,-1,-0.02,-0.06,60.1,0,0,2,23,0,0,14,5,0,0,20,0,1,0,186,18,Hand,3.3,2.625,2.625,576,0,-5.4
76,1989-05-13,Toronto,ON,CAN,CAN,72,210,R,2007,2,43,,26,P.K.,Subban,MTL,MTL,D,68, , ,68,6,45,22,51,4,176,72,130,3.40%,1.60%,107558,26.4,1922,28.3,56,191,6.4,0,0,0.00%,,,,0,,0,125,102,80,72,106,23,4.2,3.4,2.7,2.4,3.5,0.8,75,30,1,1,0,0,258,-7,,, ,,1,0,0,0,0,0,6,0,0,0,0,0,0,0%,4.1,4.2,8.3,0.12,0.28,5,49.3,38.4,15.1,6.9,4.5,0,11.4,0.17,0.38,63.8,3,2,9,58,4,1,100,9,0,0,62,2,0,6,186,14,Neck,7,9,9,1537,0,-6.6
,1988-02-05,Ann Arbor,MI,USA,USA,74,209,L,2006,1,29,,28,Chris,Summers,NYR,NYR,D,3, , ,3,0,0,0,0,-2,5,1,1,0.00%,0.00%,2770,15.4,76,25.3,36.4,0,0,0,0,0.00%,,,,0,,0,3,4,1,1,0,0,3.9,5.2,1.3,1.3,0,0,4,2,0,0,0,0,9,0.2,,, ,,0,0,0,0,0,0,0,0,0,0,0,0,0,0%,-0.1,-0.1,-0.2,-0.07,-0.26,3,0.9,1.3,-2.3,-0.2,-0.2,0,-0.4,-0.13,-0.52,33.2,0,0,0,1,0,0,0,1,0,0,4,0,0,0,5,0,,0.625,0.6,0.016,0,0,-0.4
40,1994-03-23,Boden,,SWE,SWE,75,209,R,2012,3,81,Y,21,Oskar,Sundqvist,PIT,PIT,C/RW,18, , ,18,1,3,2,4,0,13,6,2,7.70%,4.80%,11136,10.3,258,14.3,43.2,46,14.9,64,75,46.00%,,,73,35,66,29,27,18,5,6,1,6,8.7,5.8,1.6,1.9,0.3,1.9,4,2,0,0,0,0,27,-0.4,,, ,,1,0,1,0,0,0,0,0,0,0,1,0,0,0%,0,0.2,0.2,0.01,0.06,1,3,2.9,-0.8,0.2,0.2,0,0.5,0.03,0.16,28.7,0,1,0,5,2,0,1,1,0,0,9,0,0,0,43,0,,0.667,0.701,0.214,0,0.258,0.3
62,1990-11-29,Plzen,,CZE,CZE,79,220,R,,,,,25,Andrej,Sustr,TBL,TBL,D,76, , ,77,4,17,5,21,-2,65,34,42,6.20%,2.80%,77784,16.8,1649,21.4,47.2,42,1.9,0,0,0.00%,,,,0,,0,121,29,66,34,34,16,5.6,1.3,3.1,1.6,1.6,0.7,30,15,0,0,0,0,125,-5.1,,, ,,1,0,1,0,1,0,1,0,0,0,2,0,0,0%,1.3,2.7,4,0.05,0.19,3,22.6,29.3,-11,3,2.7,0,5.7,0.07,0.26,47.8,0,1,9,24,4,0,14,4,2,0,41,0,0,1,186,3,Undisclosed,1.3,1.45,1.45,53,0,3.8
20,1985-01-21,Madison,WI,USA,USA,74,206,L,2003,1,7,,31,Ryan,Suter,MIN,MIN,D,81, , ,82,8,43,21,51,10,188,68,146,4.30%,2.00%,140677,28.6,2592,31.6,54.3,179,4.6,0,0,0.00%,,,,0,,0,63,69,142,68,41,36,1.6,1.8,3.6,1.7,1,0.9,30,15,0,0,0,0,241,2.4,,, ,,2,0,2,0,2,0,1,0,1,0,4,0,0,0%,3.8,6.3,10,0.12,0.26,6,52.7,48.2,9.2,7,7.2,0,14.2,0.17,0.36,51.8,0,4,7,57,7,1,37,30,1,0,112,4,4,1,186,0,,9,7.538,7.538,0,0,-0.7
21,1989-02-14,Huntington,NY,USA,CAN,75,190,R,2007,1,11,,26,Brandon,Sutter,VAN,VAN,C,20, , ,20,5,4,0,9,3,45,16,10,11.10%,7.00%,21572,18,484,24.2,44.6,0,0,146,132,52.50%,5,3,194,108,84,38,20,12,10,16,5,4,3.3,2,1.7,2.7,0.8,0.7,2,1,0,0,0,0,24,0.5,,, ,,0,0,2,0,0,1,0,0,0,0,4,0,0,0%,0.6,0.6,1.2,0.06,0.2,5,6.6,6.2,5.6,1.1,1,0,2.1,0.11,0.35,26,0,1,3,12,3,2,3,6,3,1,27,0,2,0,186,62,"Jaw, Hernia",3.3,3.3,3.3,2495,0,-3.8
48,1991-09-26,Viking,AB,CAN,CAN,77,203,R,2011,7,193,Y,24,Brody,Sutter,CAR,CAR,C,8, , ,8,0,0,0,0,-4,7,2,0,0.00%,0.00%,4304,9,105,13.1,41,0,0,9,4,69.20%,1,1,10,6,3,3,9,21,0,2,1,1,7.5,17.6,0,1.7,0.8,0.8,0,0,0,0,0,0,21,-0.1,1,0,0%,0,0,0,0,0,0,0,0,0,0,0,0,0,0,0%,-0.2,-0.1,-0.3,-0.04,-0.25,2,1.3,1.2,-3.7,-0.6,-0.2,-0.2,-1,-0.13,-0.84,30.6,0,1,0,1,1,0,1,3,0,0,2,0,0,0,13,0,,0.6,0.6,0.042,0,0,-1
43,1991-05-24,Gothenburg,,SWE,SWE,80,238,L,,,,Y,24,Viktor,Svedberg,CHI,CHI,D,27, , ,27,2,2,0,4,-5,40,14,35,5.00%,2.20%,25520,15.8,613,22.7,41.6,0,0,0,0,0.00%,,,,0,,0,40,11,28,14,10,7,5.6,1.6,3.9,2,1.4,1,4,2,0,0,0,0,43,0.8,,, ,,0,0,0,0,0,0,1,0,0,0,1,0,0,0%,0.1,0.5,0.6,0.02,0.08,2,7.2,9.1,-6.1,0.1,0.1,0,0.1,0,0.01,56.9,0,0,0,14,0,0,26,3,0,0,11,0,0,0,73,0,,0.575,0.575,0.226,0,0,0.1
25,1984-02-11,LeMoyne,QC,CAN,CAN,71,186,L,2002,8,234,,31,Max,Talbot,BOS,BOS,C,38, , ,38,2,5,3,7,-11,29,5,9,6.90%,4.70%,25567,11.2,614,16.2,41.6,34,4.8,164,181,47.50%,5,3,208,88,137,76,58,66,28,5,0,9,8.2,9.3,3.9,0.7,0,1.3,15,5,1,0,0,0,110,-1.2,1,0,0%,0,2,0,1,0,0,0,0,0,0,0,2,0,0,0%,-0.2,0,-0.2,-0.01,-0.03,4,8.9,11,-12,-1.2,0.3,-0.2,-1.1,-0.03,-0.15,23.8,0,0,3,2,3,1,1,1,3,1,19,0,0,1,372,0,,1,1.8,1.468,0,0,-1.9
13,1991-12-31,TORONTO,ON,CAN,CAN,72,180,L,,,,Y,24,Brandon,Tanev,WPG,WPG,LW,3, , ,3,0,0,0,0,0,4,2,,0.00%,0.00%,2168,12,56,18.7,38.7,0,0,0,0,0.00%,,,,0,,0,,7,2,2,0,0,0,11.6,3.3,3.3,0,0,2,1,0,0,0,0,11,0,,, ,,0,0,0,0,0,0,0,0,0,0,0,0,0,0%,-0.1,0,-0.1,-0.03,-0.17,3,0.2,0.8,-0.3,-0.1,0.1,0,0,0,0,49.3,0,0,0,2,0,0,0,0,0,1,3,0,0,0,0,0,,0,0,0,0,0,0
8,1989-12-20,Toronto,ON,CAN,CAN,74,185,R,,,,,26,Christopher,Tanev,VAN,VAN,D,69, , ,69,4,14,6,18,-8,42,19,35,9.50%,4.20%,90060,21.8,2090,30.3,43.1,70,2.8,0,0,0.00%,,,,0,,0,163,18,166,19,39,14,6.5,0.7,6.6,0.8,1.6,0.6,8,4,0,0,0,0,192,11.5,,, ,,1,0,0,1,0,1,1,0,0,0,2,0,0,0%,0.6,3,3.6,0.05,0.14,6,26.2,31.4,0.4,0.8,2.9,0,3.8,0.06,0.15,52.7,0,1,1,17,0,1,18,3,0,0,20,1,1,2,186,13,"Undisclosed, Upper body, Lower body",3.5,4.45,4.45,705,0,-4.5
49,1989-02-10,Philadelphia,PA,USA,USA,76,221,L,2007,2,42,,26,Eric,Tangradi,DET,DET,LW,1, , ,1,0,0,0,0,0,0,0,0,0.00%,0.00%,415,6.9,12,12,34.6,0,0,0,1,0.00%,,,1,0,,0,1,1,0,0,0,0,8.7,8.7,0,0,0,0,0,0,0,0,0,0,1,0,,, ,,0,0,0,0,0,0,0,0,0,0,0,0,0,0%,0,0,0,0,0,2,0.1,0.1,0,0,0,0,0,0,0,0,0,0,0,0,0,0,0,0,0,0,0,0,0,0,4,0,,0.575,0.575,0.012,0,0,0
40,1979-11-21,Ste-Justine,QC,CAN,CAN,73,194,L,1998,1,12,,36,Alex,Tanguay,ARI,"COL, ARI",LW/RW,52,18, ,70,8,27,16,35,8,71,24,29,11.30%,6.50%,66320,15.8,1432,20.5,46.3,167,9.1,3,2,60.00%,,,3,3,2,0,36,22,36,24,17,27,2,1.2,2,1.3,0.9,1.5,32,16,0,0,0,0,90,0,,, ,,3,0,1,0,2,0,0,2,2,0,2,0,0,0%,1.7,1.6,3.3,0.05,0.18,5,25.5,21.9,15.2,2.2,2.6,0,4.8,0.07,0.26,26.4,0,0,3,21,6,2,10,7,5,0,41,1,2,2,186,12,"Knee, Undisclosed",3.5,3.5,3.5,313,0,-1.5
20,1986-10-20,Warren,MI,USA,USA,70,182,L,,,,,29,Matt,Taormina,TBL,TBL,D,3, , ,3,0,0,0,0,0,2,2,1,0.00%,0.00%,2507,13.9,61,20.3,41.1,0,0,0,0,0.00%,,,,0,,0,1,1,3,2,2,0,1.4,1.4,4.3,2.9,2.9,0,0,0,0,0,0,0,4,1.2,,, ,,0,0,0,0,0,0,0,0,0,0,0,0,0,0%,-0.1,0.1,0,0,0,2,0.5,0.6,-0.1,-0.1,0.1,0,-0.1,-0.03,-0.14,42,0,0,0,2,0,0,1,0,0,0,1,0,0,0,16,0,,0.6,0.6,0.052,0,0,-0.1
91,1991-12-13,Yaroslavl,,RUS,RUS,72,219,L,2010,1,16,,24,Vladimir,Tarasenko,STL,STL,RW,80, , ,80,40,34,16,74,7,292,102,157,13.70%,7.30%,89461,18.6,2129,26.6,42,151,6.1,0,1,0.00%,,,1,0,,0,83,32,28,102,34,38,3.3,1.3,1.1,4.1,1.4,1.5,37,15,1,0,0,0,98,11,9,1,11%,0,8,2,7,1,1,0,2,4,0,0,33,0,0,0%,8.7,2.1,10.8,0.14,0.43,6,38.9,31.2,5.2,15.6,2.5,-1.3,16.8,0.21,0.68,29.5,3,6,9,84,18,1,11,33,7,3,219,11,5,9,186,2,"Illness, Knee",8,7.5,7.5,183,0,2
21,1990-12-01,Ilava,,SVK,SVK,70,185,L,2009,2,60,,25,Tomas,Tatar,DET,DET,LW/RW,80, , ,81,21,24,10,45,4,165,62,58,12.70%,7.40%,69747,14.4,1601,19.8,43.6,120,6.2,6,18,25.00%,1,0,16,4,8,2,79,74,18,62,24,30,4.1,3.8,0.9,3.2,1.2,1.5,24,12,0,0,0,0,116,1.4,1,0,0%,0,7,1,3,0,4,1,0,7,3,0,6,0,0,0%,4.2,1.5,5.8,0.07,0.3,4,28.6,22.3,7.6,7,2.3,-0.2,9.1,0.11,0.47,29.4,1,4,4,53,15,6,11,44,5,2,83,2,3,3,186,1,Undisclosed,2.75,2.75,2.75,34,0,4.4
91,1990-09-20,Mississauga,ON,CAN,CAN,73,211,L,2009,1,1,,25,John,Tavares,NYI,NYI,C,77, , ,78,33,37,31,70,6,250,83,124,13.20%,7.20%,93574,20,1744,22.4,53.7,290,11.2,741,629,54.10%,29,15,894,493,476,248,83,51,29,83,82,69,3.2,2,1.1,3.2,3.2,2.7,38,14,0,0,1,0,118,8.3,7,1,14%,0,7,0,5,4,3,0,2,4,1,0,23,0,1,100%,7.4,1.9,9.3,0.12,0.36,6,38.7,28.4,7.7,13.5,1.7,-0.8,14.4,0.18,0.55,26.6,2,4,3,74,27,2,25,27,17,2,150,9,6,2,186,3,Illness,6,5.5,5.5,201,0,3.9
80,1990-04-23,Minneapolis,MN,USA,USA,74,205,R,,,,,25,Matt,Tennyson,SJS,SJS,D,29, , ,29,1,3,1,4,1,23,13,27,4.30%,1.60%,18288,10.5,445,15.3,41.1,0,0,0,0,0.00%,,,,0,,0,54,23,18,13,14,1,10.6,4.5,3.5,2.6,2.8,0.2,0,0,0,0,0,0,41,2.4,,, ,,0,0,0,0,0,0,1,0,0,0,0,0,0,0%,0.2,0.7,0.9,0.03,0.18,1,6.9,7.2,0.3,0,1,0,1,0.03,0.2,58.4,0,0,2,11,2,0,9,3,0,0,9,0,0,0,181,24,Upper body,0.625,0.625,0.608,183,0,0.8
86,1994-09-11,Helsinki,,FIN,FIN,71,178,L,2012,1,18,,21,Teuvo,Teravainen,CHI,CHI,C,78, , ,78,13,22,16,35,-2,136,47,62,9.60%,5.30%,71814,15.3,1668,21.4,43.1,180,9,125,184,40.50%,2,2,209,88,100,37,64,24,31,47,25,35,3.2,1.2,1.6,2.4,1.3,1.8,20,10,0,0,0,0,75,3.6,1,0,0%,0,0,0,3,2,2,0,2,3,0,0,6,0,0,0%,2,1.2,3.3,0.04,0.17,4,23,21.9,-4,4.2,1.9,-0.2,5.8,0.07,0.29,30.5,0,2,3,42,11,0,21,16,3,0,85,2,1,2,186,3,Upper body,0.925,0.894,1.344,56,0.5,4.1
25,1989-04-07,Brampton,ON,CAN,CAN,70,195,L,2007,5,132,,26,Chris,Terry,CAR,CAR,LW/RW,67, , ,68,8,3,2,11,-12,78,34,39,10.30%,5.30%,46001,11.3,1089,16,42.2,33,2.6,1,8,11.10%,,,5,1,4,0,82,82,21,34,20,21,6.4,6.4,1.6,2.7,1.6,1.6,16,8,0,0,0,0,119,-0.1,4,0,0%,0,1,0,0,0,4,0,0,2,1,0,1,0,0,0%,0,0.5,0.6,0.01,0.05,2,13.8,13.7,-5.3,-0.9,1.1,-0.9,-0.7,-0.01,-0.05,30.8,1,0,2,31,12,1,5,33,4,1,22,0,0,1,186,0,,0.875,0.875,0.875,0,0,-1.4
53,1995-08-03,Langley,BC,CAN,CAN,74,195,L,2013,1,26,Y,20,Shea,Theodore,ANA,ANA,D,19, , ,19,3,5,3,8,7,28,12,21,10.70%,4.90%,21784,19.1,452,23.8,48.2,33,5.5,0,0,0.00%,,,,0,,0,16,6,22,12,17,10,2.6,1,3.6,2,2.8,1.7,2,1,0,0,0,0,30,1.5,,, ,,0,0,1,0,1,0,0,0,0,0,2,0,0,0%,0.8,1.5,2.3,0.12,0.38,3,7.2,5.2,7.1,1.6,1.3,0,3,0.16,0.5,43.3,0,2,1,9,1,0,8,2,0,0,17,1,0,2,46,0,,0.833,0.863,0.214,0,0,2.8
38,1992-05-26,Toronto,ON,CAN,CAN,69,175,R,2010,2,40,Y,23,Christian,Thomas,ARI,"MTL, ARI",LW/RW,5,1, ,6,0,2,2,2,1,9,0,3,0.00%,0.00%,3218,8.9,84,14,38.3,29,32.4,0,0,0.00%,,,,0,,0,9,5,1,0,1,1,10.1,5.6,1.1,0,1.1,1.1,2,1,0,0,0,0,8,-1.1,,, ,,0,0,0,0,0,0,0,0,0,0,0,0,0,0%,0.1,0.1,0.2,0.03,0.22,2,0.9,0.9,1.1,0.3,0.2,0,0.5,0.08,0.56,43.9,0,0,0,0,0,0,0,2,0,0,7,0,0,0,19,0,,0.6,0.6,0.062,0,0,0.5
44,1984-10-05,Anchorage,AK,USA,USA,72,212,L,2003,6,183,,31,Nate,Thompson,ANA,ANA,C,49, , ,49,3,3,2,6,-1,42,15,19,7.10%,3.90%,34084,11.6,904,18.4,37.7,38,4,235,216,52.10%,5,1,311,160,140,75,39,103,40,15,14,7,4.1,10.9,4.2,1.6,1.5,0.7,47,11,1,1,1,0,191,-6.5,,, ,,1,0,0,0,0,0,1,0,1,0,1,0,0,0%,-0.6,0.7,0.2,0,0.02,3,8.6,12.3,-2.8,-1.3,2.6,0,1.3,0.03,0.14,27,1,0,0,14,9,0,2,8,6,0,17,0,0,0,186,30,"Lower body, Shoulder",1.6,1.6,1.6,585,0,-0.9
45,1988-11-30,Methuen,NH,USA,USA,73,200,R,,,,,27,Paul,Thompson,NJD,NJD,RW,3, , ,3,0,0,0,0,0,3,0,1,0.00%,0.00%,2255,12.5,53,17.7,42.5,0,0,0,0,0.00%,,,,0,,0,5,3,0,0,0,1,8,4.8,0,0,0,1.6,2,1,0,0,0,0,5,-1.1,,, ,,0,0,0,0,0,0,0,0,0,0,0,0,0,0%,-0.1,0.1,0,0,0,1,0.7,0.6,0.1,-0.3,0.1,0,-0.2,-0.07,-0.32,45,0,0,0,0,0,0,0,1,0,0,2,0,0,0,6,0,,0.575,0.575,0.019,0,0,-0.2
22,1983-06-03,Sault Ste. Marie,ON,CAN,CAN,75,235,R,2001,2,50,,32,Chris,Thorburn,WPG,WPG,RW/LW,81, , ,82,6,6,4,12,-1,70,23,21,8.60%,5.30%,49797,10.1,1288,15.7,38.7,60,4.3,68,54,55.70%,,,89,48,33,20,77,146,32,23,18,11,5.6,10.6,2.3,1.7,1.3,0.8,81,18,7,0,1,0,266,-9.8,,, ,,0,0,2,0,1,0,1,1,0,0,3,0,0,0%,-0.3,0.8,0.6,0.01,0.04,3,14.4,15.8,-0.8,-1.1,1.7,0,0.6,0.01,0.04,26.9,1,0,2,20,22,2,9,9,5,0,23,2,0,0,186,0,,1.2,1.2,1.2,0,0,-0.8
19,1979-07-02,London,ON,CAN,CAN,76,220,L,1997,1,1,,36,Joe,Thornton,SJS,SJS,C,82, , ,82,19,63,34,82,25,121,49,41,15.70%,9.00%,90343,18.4,1962,23.9,46,253,10.1,399,354,53.00%,28,17,449,249,304,150,63,48,30,49,98,69,2.5,1.9,1.2,2,3.9,2.7,54,22,0,1,0,0,132,-4.2,,, ,,6,0,6,2,3,1,1,2,2,0,10,0,0,0%,7.1,2.9,10,0.12,0.4,4,41,31.8,26.9,13.6,5.5,0,19.1,0.23,0.76,34,1,6,9,33,12,5,26,10,5,0,63,4,6,2,186,0,,6.75,6.75,6.75,0,0,5.9
22,1977-07-23,Oshawa,ON,CAN,CAN,74,217,R,1997,7,190,,38,Shawn,Thornton,FLA,FLA,LW/RW,50, , ,50,1,4,4,5,-2,58,19,11,1.70%,1.10%,26067,8.7,593,11.9,44,89,12.3,6,7,46.20%,,,11,5,2,1,20,73,2,19,4,9,2.8,10.1,0.3,2.6,0.6,1.2,80,15,6,2,0,0,161,-5.7,,, ,,0,0,0,0,0,0,1,0,0,0,0,0,0,0%,-0.5,0.3,-0.2,0,-0.03,1,6.4,6.2,-3.8,-0.9,0.4,0,-0.4,-0.01,-0.06,39,0,0,0,19,3,1,18,5,1,0,30,0,0,0,186,0,,1.2,1.2,1.2,0,0,-1.8
50,1994-07-01,Keswick,ON,CAN,CAN,72,195,L,2012,2,55,,21,Chris,Tierney,SJS,SJS,C,79, , ,79,7,13,10,20,-16,96,30,18,7.30%,4.90%,62531,13.2,1556,19.7,40.2,167,9.6,368,437,45.70%,10,3,549,255,256,113,72,24,39,30,40,31,4.1,1.4,2.2,1.7,2.3,1.8,20,10,0,0,0,0,83,5.5,,, ,,1,0,2,2,1,0,1,0,1,0,4,0,1,100%,0.1,0.6,0.7,0.01,0.04,3,19.4,22.3,-19.6,-0.5,1.5,0,1.1,0.01,0.06,24.5,0,2,1,27,15,1,4,8,5,8,55,0,1,1,179,1,Undisclosed,0.792,0.712,0.861,10,0.133,0.4
9,1988-05-12,Riga,,LVA,RUS,74,189,R,2008,1,28,,27,Viktor,Tikhonov,ARI,"CHI, ARI",RW/C,11,38, ,50,3,3,1,6,-10,41,27,16,7.30%,3.60%,34303,11.4,795,15.9,43.1,30,3.1,45,71,38.80%,,,84,31,32,14,60,54,25,27,10,12,6.3,5.7,2.6,2.8,1,1.3,20,10,0,0,0,0,99,-3.8,,, ,,1,0,1,0,0,0,0,0,1,0,2,0,0,0%,-0.6,0.2,-0.4,-0.01,-0.04,3,9,8.5,-8.8,-1.4,-0.1,0,-1.5,-0.03,-0.16,21.5,0,0,4,23,2,0,2,6,5,2,24,0,0,0,186,0,,1.04,1.04,1.04,0,0,-2.5
28,1992-02-20,Burnsville,MN,USA,USA,78,230,L,2010,1,22,,23,Jarred,Tinordi,ARI,"MTL, ARI",D,3,7, ,10,0,0,0,0,-5,3,5,2,0.00%,0.00%,8579,14.3,196,19.6,43.8,0,0,0,0,0.00%,,,,0,,0,17,22,11,5,1,1,7.1,9.2,4.6,2.1,0.4,0.4,17,1,3,0,0,0,53,0.5,,, ,,0,0,0,0,0,0,0,0,0,0,0,0,0,0%,-0.2,-0.1,-0.3,-0.03,-0.13,4,2.6,3.2,-4.7,-0.6,-0.4,0,-1,-0.1,-0.42,42.3,0,0,0,5,0,0,0,1,0,0,2,0,0,0,186,2,Lower body,0.851,0.851,0.85,21,0,-1.6
9,1988-03-16,Slany,,CZE,CZE,72,205,L,2006,1,13,,27,Jiri,Tlusty,NJD,NJD,LW/RW,30, , ,30,2,2,2,4,-1,38,12,14,5.30%,3.10%,24681,13.7,555,18.5,44.5,25,3.6,0,0,0.00%,,,,0,,0,39,39,13,12,4,8,5.7,5.7,1.9,1.8,0.6,1.2,6,3,0,0,0,0,58,-1.6,,, ,,0,0,0,0,0,0,1,1,0,0,0,0,0,0%,-0.5,0.6,0.1,0,0.01,5,6.8,5.7,0.6,-1.3,0.6,0,-0.6,-0.02,-0.09,31.5,0,0,2,10,1,1,3,20,2,0,11,0,1,1,186,51,"Wrist, Shoulder, Upper body",0.8,0.8,0.8,498,0,-1.1
19,1988-04-29,Winnipeg,MB,CAN,CAN,74,201,L,2006,1,3,,27,Jonathan,Toews,CHI,CHI,C,80, , ,80,28,30,17,58,16,179,49,50,15.60%,10.10%,92390,19.2,2033,25.4,45.4,197,7.7,921,652,58.60%,62,41,943,550,630,371,135,81,38,49,28,57,5.3,3.2,1.5,1.9,1.1,2.2,62,25,2,0,0,0,183,7.1,3,0,0%,0,8,5,8,3,4,1,1,3,3,0,16,0,0,0%,5.4,2.4,7.7,0.1,0.3,6,34.3,31.6,13.4,9.8,4.3,-0.6,13.5,0.17,0.53,22.8,1,3,7,38,20,2,11,10,11,6,119,6,4,4,186,0,,13.8,10.5,10.5,0,0,-7.7
73,1992-04-24,Scarborough,ON,CAN,CAN,73,200,R,2010,2,47,,23,Tyler,Toffoli,LAK,LAK,C/RW/LW,81, , ,82,31,27,16,58,35,213,102,98,14.60%,7.50%,85179,17.3,1861,22.7,45.8,99,4.2,0,4,0.00%,,,2,0,2,0,90,70,19,102,38,32,3.8,3,0.8,4.3,1.6,1.4,20,10,0,0,0,0,109,1.2,3,0,0%,0,11,0,4,1,2,1,2,4,3,0,19,0,1,100%,6.1,3,9.1,0.11,0.38,6,34.3,32,25,10.3,6.2,-0.4,16.1,0.2,0.68,30,1,4,13,84,21,2,24,42,12,1,111,4,3,4,186,0,,2.6,3.25,3.25,0,0,10.4
61,1995-02-03,Moscow,,RUS,RUS,68,170,L,,,,Y,21,Sergey,Tolchinsky,CAR,CAR,LW,2, , ,2,0,1,1,1,1,1,0,2,0.00%,0.00%,1415,11.8,38,19,37.2,11,28,0,1,0.00%,,,,0,1,0,1,1,0,0,0,1,2.5,2.5,0,0,0,2.5,0,0,0,0,0,0,1,0,1,0,0%,0,0,0,0,0,0,0,0,0,0,0,0,0,0,0%,0,0.1,0.1,0.05,0.25,3,0.3,0.3,1.1,0.2,0.1,-0.2,0.1,0.05,0.25,14,0,0,0,0,0,0,0,0,0,0,1,0,0,0,4,0,,0.625,0.633,0.013,0,0,0.1
22,1983-02-02,Churchill,MB,CAN,CAN,69,195,R,2001,4,98,,33,Jordin,Tootoo,NJD,NJD,RW,65, , ,66,4,5,3,9,-26,90,31,20,4.40%,2.80%,45650,11.5,1030,15.6,44.3,92,7.3,0,2,0.00%,,,2,0,,0,60,99,18,31,23,17,4.7,7.8,1.4,2.4,1.8,1.3,102,16,10,1,1,0,229,-1.8,,, ,,0,0,0,0,0,0,0,2,1,0,1,0,0,0%,-0.6,0,-0.6,-0.01,-0.05,2,16.2,13.4,-22,-3.3,-0.8,0,-4.2,-0.06,-0.33,35.4,1,1,2,27,7,2,12,33,4,1,31,0,0,0,372,15,"Upper body, Undisclosed",0.825,0.825,0.825,151,0,-3.6
21,1993-07-11,Pittsburgh,PA,USA,USA,70,182,R,2011,3,64,,22,Vincent,Trocheck,FLA,FLA,C,76, , ,76,25,28,17,53,15,174,65,60,14.40%,8.40%,81032,17.8,1618,21.3,50.1,167,7.4,547,559,49.50%,23,11,713,356,393,191,155,125,41,65,33,43,6.9,5.6,1.8,2.9,1.5,1.9,44,22,0,0,0,0,210,3.9,5,1,20%,0,5,0,4,1,2,1,1,5,3,0,13,0,0,0%,5.1,2,7.1,0.09,0.32,8,29,24.8,7.3,10.5,3.1,-0.4,13.1,0.17,0.58,26.3,0,5,8,52,18,2,26,30,10,8,81,6,1,4,186,6,Foot,0.6,0.662,0.894,65,0.233,12.4
62,1990-08-26,Carmel,IN,USA,USA,75,217,R,2010,7,210,,25,Zach,Trotman,BOS,BOS,D,38, , ,38,2,5,2,7,3,60,17,46,3.30%,1.60%,42303,18.6,952,25.1,44.4,12,1,0,0,0.00%,,,,0,,0,99,71,49,17,16,2,8.4,6,4.2,1.4,1.4,0.2,22,11,0,0,0,0,142,-3.2,,, ,,1,0,0,0,0,0,1,1,0,0,0,0,0,0%,0.1,1.5,1.7,0.04,0.14,4,12.9,15.1,2.8,-0.2,1.7,0,1.5,0.04,0.13,54.5,0,0,0,17,0,0,17,10,0,0,33,0,0,0,186,0,,0.65,0.625,0.625,0,0,1.3
8,1994-02-26,Rochester,MI,USA,USA,75,202,R,2012,1,9,,21,Jacob,Trouba,WPG,WPG,D,80, , ,81,6,15,9,21,10,133,44,106,4.50%,2.10%,107243,22.1,2153,26.6,49.8,92,3.1,0,1,0.00%,,,1,0,,0,118,144,177,44,65,29,4,4.8,5.9,1.5,2.2,1,62,21,2,1,0,0,385,-3.5,,, ,,1,0,0,0,0,0,2,0,0,0,4,0,0,0%,0.8,4.1,4.9,0.06,0.16,5,31.1,38,7.5,1.2,5,0,6.2,0.08,0.21,47.1,0,0,5,39,5,2,41,11,0,2,72,0,1,2,186,1,Upper body,0.833,0.894,1.828,24,1.075,3.5
88,1994-08-30,Yekaterinbug,,RUS,RUS,79,228,L,2014,3,66,Y,21,Nikita,Tryamkin,VAN,VAN,D,13, , ,13,1,1,0,2,-3,11,13,11,9.10%,2.90%,13665,17.5,326,25.1,41.9,0,0,0,0,0.00%,,,,0,,0,20,31,23,13,3,1,5.3,8.2,6.1,3.4,0.8,0.3,10,5,0,0,0,0,64,-2.1,,, ,,0,0,0,0,0,0,0,0,0,0,1,0,0,0%,0.1,0.3,0.4,0.03,0.11,4,4,5.2,-1.4,-0.1,0.3,0,0.2,0.02,0.05,55.4,0,0,1,12,0,0,2,1,0,0,8,0,0,0,33,0,,0.925,0.925,0.164,0,0,0.1
7,1989-08-14,New Westminster,BC,CAN,CAN,73,190,R,2007,1,3,,26,Kyle,Turris,OTT,OTT,C,56, , ,57,13,17,10,30,-15,122,48,55,10.70%,5.80%,67390,19.7,1308,22.9,51.5,94,5,536,508,51.30%,24,16,724,385,320,151,70,44,31,48,24,16,3.7,2.4,1.7,2.6,1.3,0.9,32,16,0,0,0,0,107,1.4,9,4,44%,2,3,1,2,1,1,0,2,3,0,0,7,0,0,0%,1.9,0.3,2.2,0.04,0.12,5,25.7,20.6,-11.7,1.9,0.1,0.7,2.7,0.05,0.14,29.9,1,3,9,35,5,2,22,19,5,1,68,3,4,1,186,25,"Ankle, Lower body",3.5,3.5,3.5,1067,0,-3.6
51,1983-07-19,Izhevsk,,RUS,RUS,74,221,L,2001,2,40,,32,Fedor,Tyutin,CBJ,CBJ,D,60, , ,61,1,2,2,3,-6,25,20,33,4.00%,1.30%,64380,17.6,1406,23,45.8,29,1.6,0,0,0.00%,,,,0,,0,107,128,71,20,13,7,6,7.2,4,1.1,0.7,0.4,28,13,0,0,0,0,227,-2,,, ,,0,0,0,0,0,1,0,0,0,0,0,0,0,0%,-0.9,1.6,0.8,0.01,0.04,2,15.9,23.4,-3.3,-2.5,2,0,-0.5,-0.01,-0.03,54.1,0,0,0,20,1,2,8,7,0,0,7,0,0,0,186,15,"Undisclosed, Illness, Nose",5,4.5,4.5,823,0,-8.9
20,1982-05-03,Pittsburgh,PA,USA,USA,74,214,L,2001,1,16,,33,R.J.,Umberger,PHI,PHI,C/LW/RW,39, , ,39,2,9,8,11,1,48,12,12,4.20%,2.80%,23771,10.2,583,14.9,40.8,85,12.9,2,3,40.00%,,,2,1,3,1,46,59,15,12,7,4,7,8.9,2.3,1.8,1.1,0.6,15,4,1,0,0,0,90,-0.6,,, ,,1,0,0,0,1,0,0,0,0,0,1,0,0,0%,0.3,0.5,0.8,0.02,0.12,2,8.8,8.3,0.8,0.2,1,0,1.2,0.03,0.18,29.5,0,0,1,11,5,1,4,9,0,1,28,1,0,1,186,14,"Lower body, Upper body",4.5,4.6,4.6,785,0,-7.4
10,1983-10-07,Fort McMurray,AB,CAN,CAN,72,200,L,2002,1,6,,32,Scottie,Upshall,STL,STL,RW/LW,70, , ,70,6,8,7,14,5,113,35,34,5.30%,3.30%,45980,10.9,1271,18.2,36.2,73,5.7,12,22,35.30%,,,18,7,16,5,73,92,16,35,10,19,5.7,7.2,1.3,2.7,0.8,1.5,44,17,0,1,0,0,152,5.2,,, ,,0,0,1,0,0,0,0,1,0,0,5,0,0,0%,0.1,1.1,1.3,0.02,0.1,3,13.3,14.4,2.9,0,2.2,0,2.2,0.03,0.17,30.9,1,0,3,31,8,0,3,15,1,0,86,0,0,0,186,1,Illness,0.7,0.7,0.7,9,0,1.9
29,1995-05-11,Nizhnekamsk,,ROU,RUS,74,214,L,2014,3,68,Y,20,Rinat,Valiev,TOR,TOR,D,10, , ,10,0,0,0,0,0,7,3,8,0.00%,0.00%,7350,12.3,182,18.2,40.4,0,0,0,0,0.00%,,,,0,,0,15,9,4,3,3,1,7.3,4.4,2,1.5,1.5,0.5,0,0,0,0,0,0,13,2.5,,, ,,0,0,0,0,0,0,0,0,0,0,0,0,0,0%,-0.2,0.3,0.1,0.01,0.05,2,2,2.3,0.7,-0.5,0.2,0,-0.2,-0.02,-0.1,52.3,0,0,1,2,0,0,2,0,0,0,5,0,0,0,20,0,,0.743,0.778,0.096,0,0.183,-0.3
21,1989-05-04,Middletown,NJ,USA,USA,75,209,L,2007,1,2,,26,James,van Riemsdyk,TOR,TOR,LW,40, , ,40,14,15,10,29,3,129,49,50,10.90%,6.10%,42631,17.8,1014,25.4,42,89,7.5,1,1,50.00%,,,1,1,1,0,59,52,7,49,13,29,5,4.4,0.6,4.1,1.1,2.4,6,3,0,0,0,0,65,1.6,2,0,0%,0,2,0,0,1,2,1,0,5,2,0,4,0,0,0%,2.8,1,3.8,0.1,0.32,5,17,13.4,9.5,4.8,1.4,-0.4,5.8,0.15,0.49,28,0,2,7,40,20,2,4,33,17,1,52,0,1,1,186,42,Foot,4.75,4.25,4.25,2177,0,-2.1
57,1991-07-24,Middletown,NJ,USA,USA,74,188,R,,,,Y,24,Trevor,van Riemsdyk,CHI,CHI,D,82, , ,82,3,11,7,14,-5,85,37,72,3.50%,1.50%,98320,20,2286,27.9,43,96,3.5,0,0,0.00%,,,,0,,0,122,44,155,37,45,17,4.5,1.6,5.7,1.4,1.6,0.6,31,13,1,0,0,0,231,5.4,,, ,,1,0,1,0,1,0,1,1,0,0,0,0,0,0%,-0.1,3,2.9,0.04,0.11,6,28.4,35.2,-10.1,-1.3,2.3,0,1.1,0.01,0.04,44.6,1,0,2,34,6,0,38,6,2,0,33,0,0,0,186,0,,0.925,0.925,0.925,0,0,0.3
76,1987-03-15,Moorhead,MN,USA,USA,74,190,L,2005,4,97,,28,Chris,VandeVelde,PHI,PHI,C,78, , ,79,2,12,5,14,-7,77,32,19,2.60%,1.60%,64236,13.6,1536,19.4,41.8,102,5.7,6,15,28.60%,,,9,2,12,4,162,139,60,32,18,21,9.1,7.8,3.4,1.8,1,1.2,27,11,1,0,0,0,227,-6,,, ,,0,0,0,0,0,0,0,1,0,0,1,0,0,0%,-1.2,1,-0.3,0,-0.02,4,16.6,22.2,-6.7,-2.3,2.4,0,0.1,0,0.01,25.5,0,3,6,23,6,2,1,15,10,2,41,0,0,0,186,0,,0.7,0.713,0.713,0,0,-0.2
26,1984-01-19,Vienna,,AUT,AUT,74,214,R,2003,1,5,,32,Thomas,Vanek,MIN,MIN,LW/RW,73, , ,74,18,23,17,41,-10,146,46,56,12.30%,7.30%,69312,15.6,1434,19.4,48.3,184,9.6,12,26,31.60%,,,25,8,13,4,28,18,17,46,51,22,1.5,0.9,0.9,2.4,2.6,1.1,22,10,0,0,0,0,57,-2.6,,, ,,3,0,5,1,2,2,3,3,3,0,5,0,0,0%,3.5,1,4.5,0.06,0.23,2,28,23.1,-9.1,5,1.7,0,6.7,0.09,0.35,27.3,1,2,4,39,9,5,30,12,13,6,71,1,1,0,186,4,Upper body,6.5,6.5,6.5,317,0,-6
22,1990-12-04,Vaughan,ON,CAN,CAN,70,193,L,2009,5,147,,25,Phil,Varone,OTT,"BUF, OTT",C/LW,5,1, ,6,1,2,2,3,2,2,0,1,50.00%,33.30%,3063,8.5,80,13.3,38.3,6,7.1,10,8,55.60%,,,15,9,3,1,1,4,6,0,0,1,1.2,4.7,7.1,0,0,1.2,2,1,0,0,0,0,12,-0.1,,, ,,1,0,0,0,0,0,0,0,0,0,1,0,0,0%,0.3,0.1,0.5,0.08,0.59,3,1.2,1.2,2.2,0.7,0.3,0,1.1,0.18,1.29,16.5,0,0,0,0,1,0,0,0,0,0,1,0,1,0,13,0,,0.6,0.6,0.042,0,0,1.1
45,1991-06-03,JyvÃ¤skylÃ¤,,FIN,FIN,70,183,R,2009,4,106,,24,Sami,Vatanen,ANA,ANA,D,71, , ,71,9,29,13,38,8,140,57,101,6.40%,3.00%,90797,21.3,1863,26.2,48.7,135,5.4,0,0,0.00%,,,,0,,0,106,85,105,57,54,34,4.2,3.4,4.2,2.3,2.1,1.3,20,10,0,0,0,0,210,3.9,,, ,,2,0,2,0,0,0,3,2,1,0,3,0,0,0%,3.4,4.6,8,0.11,0.32,4,34.9,32.7,5,6.7,5.5,0,12.2,0.17,0.48,45.1,0,3,4,50,2,0,58,23,4,0,53,1,3,3,186,11,"Illness, Upper body",1.275,1.262,1.263,169,0,10.7
72,1994-03-14,East Longmeadow,MA,USA,USA,69,201,L,,,,Y,21,Frank,Vatrano,BOS,BOS,C,39, , ,39,8,3,2,11,-3,99,25,26,8.10%,5.30%,27800,11.9,660,16.9,42.1,34,4.4,0,3,0.00%,,,1,0,2,0,52,61,23,25,11,16,6.7,7.9,3,3.2,1.4,2.1,14,7,0,0,0,0,98,-1.8,,, ,,1,1,1,0,1,0,0,3,1,0,3,0,0,0%,0.9,0.3,1.2,0.03,0.16,2,8.8,8.2,-2.7,1.3,0.4,0,1.7,0.04,0.22,37.4,0,0,1,24,8,2,10,23,3,0,53,2,0,0,97,2,Upper body,0.743,0.925,0.482,24,0.183,1.3
50,1982-07-20,St. Agapit,QC,CAN,CAN,73,198,L,2000,2,55,,33,Antoine,Vermette,ARI,ARI,C,75, , ,76,17,21,11,38,-14,123,32,36,13.80%,8.90%,75883,16.6,1731,22.8,43.8,91,4.3,754,597,55.80%,23,12,860,482,491,272,68,55,57,32,33,27,3.2,2.6,2.7,1.5,1.6,1.3,93,29,1,2,1,0,206,-21,1,0,0%,0,3,0,2,3,3,1,1,1,2,0,9,0,0,0%,2.7,0.8,3.5,0.05,0.17,4,31.2,27.4,-5.7,2.6,0.8,-0.2,3.1,0.04,0.15,30,0,1,3,28,15,3,13,9,11,1,71,0,2,3,186,6,Lower body,3.75,3.75,3.75,274,0,-3.7
47,1992-02-05,Bern,,CHE,CHE,71,192,L,2013,7,186,Y,24,Joel,Vermin,TBL,TBL,RW,6, , ,6,0,1,0,1,1,1,2,2,0.00%,0.00%,3290,9.1,71,11.8,46.3,0,0,1,0,100.00%,,,,0,1,1,14,6,2,2,1,0,15.3,6.6,2.2,2.2,1.1,0,0,0,0,0,0,0,8,-0.1,,, ,,0,0,0,0,0,0,0,0,0,0,0,0,0,0%,0,0.1,0.1,0.02,0.11,2,1,0.9,0.9,-0.1,0.2,0,0.1,0.02,0.11,35,0,0,0,2,0,0,0,0,0,0,1,0,0,0,95,29,Hand,0.635,0.6,0.306,212,0,0
10,1986-05-13,Lethbridge,AB,CAN,CAN,71,176,R,2004,5,134,,29,Kris,Versteeg,LAK,"CAR, LAK",RW/LW,62,14, ,77,15,23,9,38,0,156,77,55,9.60%,5.20%,71092,15.4,1602,20.8,44.4,130,6.6,8,8,50.00%,,,10,5,6,3,81,20,32,77,38,38,4.1,1,1.6,3.9,1.9,1.9,45,15,1,1,0,0,98,2.9,,, ,,3,0,4,0,2,1,1,3,1,0,7,0,0,0%,2.7,1.6,4.3,0.06,0.22,4,24.3,20.3,5.6,5.1,2.4,0,7.5,0.1,0.38,31.1,0,4,4,69,21,3,17,37,5,1,72,2,5,4,372,6,Upper body,4.7,4.4,4.4,161,0,0.5
7,1991-07-17,Wakaw,SK,CAN,CAN,72,189,R,2009,4,96,,24,Linden,Vey,VAN,VAN,RW/C,41, , ,41,4,11,7,15,-14,40,20,15,10.00%,5.30%,38749,15.8,834,20.3,46.5,94,8.7,193,256,43.00%,,,286,124,163,69,35,4,9,20,16,16,3.3,0.4,0.8,1.9,1.5,1.5,6,3,0,0,0,0,19,0.4,3,1,33%,1,2,0,0,0,1,0,0,0,0,0,3,0,0,0%,0.3,0.2,0.6,0.01,0.06,5,12.8,10.1,-8.6,0.2,-0.4,0,-0.2,0,-0.02,27.7,1,2,4,13,3,1,0,4,3,0,29,1,0,0,552,7,"Upper body, Undisclosed",1,1,2.585,85,0,-2.2
18,1996-08-17,New Westminster,BC,CAN,CAN,73,208,R,2014,1,6,Y,19,Jake,Virtanen,VAN,VAN,RW/LW,55, , ,55,7,6,5,13,-7,94,42,38,7.40%,4.00%,38161,11.6,936,17,40.8,51,4.8,2,3,40.00%,,,4,1,1,1,59,128,22,42,15,22,5.6,12.1,2.1,4,1.4,2.1,45,9,3,0,1,0,198,2.2,1,1,100%,0,2,0,1,0,2,0,0,1,0,0,4,0,0,0%,0.5,0.5,1,0.02,0.09,3,14.6,13,-1.1,-0.8,0.7,0.5,0.4,0.01,0.04,31.8,0,2,4,36,10,1,2,14,2,0,65,1,3,2,162,4,Hip,0.925,0.894,1.519,85,0.85,-1.8
14,1985-08-20,St. Louis,MO,USA,USA,71,205,R,2005,7,195,,30,Joe,Vitale,ARI,ARI,C/RW,1, , ,1,0,0,0,0,1,1,1,0,0.00%,0.00%,373,6.2,10,10,37.3,0,0,0,1,0.00%,,,,0,1,0,2,1,0,1,0,0,19.3,9.7,0,9.7,0,0,5,0,1,0,0,0,7,2,,, ,,0,0,0,0,0,0,0,0,0,0,0,0,0,0%,0,0,0,0,0,2,0.3,0.3,1,-0.1,0.1,0,0,0,0,6,0,0,0,1,0,0,0,0,0,1,0,0,0,0,186,77,Orbital bone,1.1,1.117,1.117,1049,0,-1.2
44,1987-03-30,Montreal,QC,CAN,CAN,73,205,L,2005,2,35,,28,Marc-Edouard,Vlasic,SJS,SJS,D,67, , ,67,8,31,13,39,15,116,75,90,6.90%,2.80%,92982,23.1,1821,27.2,51.1,84,3.3,0,0,0.00%,,,,0,,0,125,47,129,75,29,15,4.8,1.8,5,2.9,1.1,0.6,48,9,2,2,0,0,226,1.9,,, ,,3,0,0,0,0,0,2,3,0,0,3,0,0,0%,3.3,4.6,7.9,0.12,0.31,7,33.1,38.1,9.8,7.2,7.2,0,14.4,0.21,0.56,48.6,2,2,11,60,3,0,45,23,0,0,45,0,2,1,186,15,Lower body,4.25,4.25,4.25,777,0,6.5
93,1989-08-15,Kladno,,CZE,CZE,74,214,L,2007,1,7,,26,Jakub,Voracek,PHI,PHI,RW,72, , ,73,11,44,27,55,-5,213,67,107,5.20%,2.80%,81407,18.6,1779,24.4,45.8,268,11.9,3,3,50.00%,,,6,3,,0,118,51,34,67,50,26,5.2,2.3,1.5,3,2.2,1.1,38,19,0,0,0,0,123,3.7,5,1,20%,1,1,2,2,0,0,0,0,1,3,0,7,0,0,0%,3.5,1.4,4.9,0.07,0.22,7,34,24.3,-0.7,5.7,1,-0.4,6.3,0.09,0.28,34.2,1,5,5,56,12,2,40,57,5,8,89,3,1,3,186,9,Lower body,4.5,4.25,4.25,466,0,-1.6
17,1981-06-13,Mlada Boleslav,,CZE,CZE,73,194,R,1999,7,212,,34,Radim,Vrbata,VAN,VAN,RW,63, , ,63,13,14,6,27,-30,199,56,77,6.50%,3.90%,60657,16,1372,21.8,44.2,69,4.1,4,10,28.60%,,,5,1,9,3,29,15,12,56,27,20,1.7,0.9,0.7,3.3,1.6,1.2,12,6,0,0,0,0,39,-4.4,7,3,43%,1,0,0,0,0,3,2,0,0,0,1,7,0,1,100%,1.7,0,1.7,0.03,0.1,4,25.3,20.1,-18.8,0.4,-1.1,0.5,-0.2,0,-0.01,35.7,0,2,8,46,11,4,43,29,2,3,107,3,0,1,186,19,"Lower body, Undisclosed",5,5,5,1159,0,-9.7
62,1991-05-27,Walpole,MA,USA,USA,72,195,R,2010,5,122,Y,24,Chris,Wagner,ANA,"ANA, COL, ANA",C/RW,17,26,17,43,4,2,1,6,-2,55,16,18,7.30%,4.50%,23620,9.2,576,13.4,41,21,3.2,148,126,54.00%,,,184,105,90,43,49,95,27,16,11,3,7.5,14.5,4.1,2.4,1.7,0.5,28,4,2,0,1,0,152,-0.8,,, ,,1,0,1,0,1,0,0,1,1,0,1,0,0,0%,0,0.4,0.4,0.01,0.06,3,5.5,7.9,-3.4,0.3,1.2,0,1.5,0.03,0.23,32.8,0,0,3,13,6,0,5,7,4,2,31,0,0,1,145,0,,0.6,0.6,0.468,0,0,1.4
42,1980-12-02,North York,ON,CAN,CAN,73,226,R,,,,,35,Joel,Ward,SJS,SJS,RW,79, , ,79,21,22,14,43,-15,138,58,36,15.20%,9.10%,80452,17,1831,23.2,43.9,147,6.6,237,256,48.10%,1,0,338,158,155,79,86,68,53,58,51,41,3.8,3,2.4,2.6,2.3,1.8,28,14,0,0,0,0,149,-6.9,,, ,,3,0,3,2,3,1,5,3,1,0,8,0,0,0%,3.4,1,4.4,0.06,0.2,5,29.6,30.9,-17,5.4,2.5,0,8,0.1,0.36,24.2,0,1,5,52,10,5,25,15,18,4,61,2,2,2,186,3,"Undisclosed, Upper body",3.275,3.275,3.275,120,0,2.2
47,1990-05-30,Marshfield,MA,USA,USA,69,170,L,2008,4,95,Y,25,David,Warsofsky,NJD,"PIT, NJD",D,12,10, ,22,1,1,0,2,-9,40,24,19,2.50%,1.20%,22603,17.1,510,23.2,44.3,0,0,0,0,0.00%,,,,0,,0,27,5,23,24,17,4,4.3,0.8,3.7,3.8,2.7,0.6,2,1,0,0,0,0,30,3.8,,, ,,0,0,0,0,0,0,1,0,0,0,0,0,0,0%,-0.1,0.1,0,0,0,2,8.2,6.8,-8.7,-1,-0.7,0,-1.8,-0.08,-0.29,53.5,0,0,1,23,3,0,14,5,0,0,18,0,0,0,143,18,"Concussion, Lower body",0.6,0.6,0.461,132,0,-1.9
51,1992-01-13,Ann Arbor,MI,USA,USA,76,204,R,2010,1,18,Y,24,Austin,Watson,NSH,NSH,LW/C/RW,56, , ,57,3,7,4,10,-4,55,16,21,5.50%,3.30%,34209,10,874,15.3,39.1,60,6.3,6,7,46.20%,,,7,4,6,2,53,74,45,16,10,11,5.6,7.8,4.7,1.7,1.1,1.2,32,6,2,0,0,1,153,-6.2,,, ,,1,0,0,1,0,0,0,0,1,0,2,0,0,0%,-0.1,0.5,0.4,0.01,0.04,3,11.2,13.1,-5,-1,1.5,0,0.5,0.01,0.05,33.6,0,1,1,14,8,0,5,5,5,1,31,0,0,1,186,1,Upper body,0.575,0.575,0.575,7,0,0.4
19,1992-04-15,North Vancouver,BC,CAN,CAN,70,179,R,2010,3,70,Y,23,Jordan,Weal,PHI,"LAK, PHI",C,10,4, ,14,0,0,0,0,1,4,5,2,0.00%,0.00%,7863,9.4,178,12.7,44.2,0,0,33,35,48.50%,,,49,21,19,12,11,5,2,5,4,5,5,2.3,0.9,2.3,1.8,2.3,2,1,0,0,0,0,9,0.8,,, ,,0,0,0,0,0,0,0,0,0,0,0,0,0,0%,-0.4,0.2,-0.2,-0.01,-0.09,1,1.4,1.4,0.8,-0.6,0.3,0,-0.4,-0.03,-0.18,17.8,0,1,1,3,1,1,0,0,1,0,1,0,0,0,186,11,Upper body,0.632,0.632,0.632,85,0,-0.6
6,1987-12-16,Pittsburgh,PA,USA,USA,74,217,L,2006,2,57,,28,Mike,Weber,WSH,"BUF, WSH",D,35,10, ,45,1,4,3,5,2,40,15,22,2.50%,1.30%,41797,15.5,987,21.9,42.3,51,4.4,0,0,0.00%,,,,0,,0,35,108,61,15,22,2,3,9.3,5.3,1.3,1.9,0.2,60,15,4,1,0,0,233,-8.3,,, ,,0,0,0,0,0,0,0,0,0,0,1,0,0,0%,-0.2,1.9,1.7,0.04,0.15,3,9.2,11.5,4.2,-0.2,1.9,0,1.7,0.04,0.15,55.7,0,0,0,15,1,0,6,6,1,0,26,0,0,0,233,10,"Lower body, Undisclosed",2,1.667,1.877,203,0,-0.8
6,1985-08-14,Sicamous,BC,CAN,CAN,76,236,R,2003,2,49,,30,Shea,Weber,NSH,NSH,D,78, , ,78,20,31,17,51,-7,189,91,102,10.60%,5.20%,118764,25.4,2334,29.9,50.9,189,5.7,0,0,0.00%,,,,0,,0,59,169,160,91,39,19,1.8,5.1,4.8,2.8,1.2,0.6,27,11,1,0,0,0,357,4.6,,, ,,4,0,1,2,0,0,15,4,0,0,1,0,0,0%,5.6,3.9,9.5,0.12,0.29,8,47.4,44.8,-9.7,10.5,4.4,0,14.9,0.19,0.45,52.4,0,3,10,78,2,1,92,26,0,0,68,2,5,4,186,3,Lower body,14,7.857,7.857,287,0,-0.6
6,1988-09-23,Morges,,CHE,CHE,71,200,R,2007,3,73,,27,Yannick,Weber,VAN,VAN,D,45, , ,45,0,7,5,7,-17,65,34,57,0.00%,0.00%,50841,18.8,1138,25.3,44.7,39,2.8,0,0,0.00%,,,,0,,0,65,49,37,34,15,10,4.6,3.5,2.6,2.4,1.1,0.7,24,12,0,0,0,0,110,-4.5,,, ,,0,0,0,0,0,0,0,0,0,0,0,0,0,0%,-0.3,0.7,0.4,0.01,0.03,1,23.1,18.5,-8.5,-3,-0.6,0,-3.6,-0.08,-0.25,43,0,2,5,27,1,2,19,14,0,0,29,0,0,0,186,4,Upper body,1.5,1.5,1.48,73,0,-5.6
25,1988-08-05,Winnipeg,MB,CAN,CAN,74,206,R,2008,4,111,,27,Dale,Weise,CHI,"MTL, CHI",RW,56,15, ,71,14,13,8,27,4,136,34,50,10.30%,6.40%,57147,13.4,1406,19.8,40.6,92,5.8,16,19,45.70%,,,22,10,13,6,135,127,26,34,16,18,8.5,8,1.6,2.1,1,1.1,24,12,0,0,0,0,177,5,,, ,,4,0,1,0,0,1,1,1,2,0,9,0,0,0%,1.9,1.2,3.1,0.04,0.2,2,20,17.7,7.7,2.7,2.1,0,4.8,0.07,0.3,26.6,0,5,6,23,15,4,3,16,5,1,92,1,1,1,230,5,"Illness, Upper body",1.025,1.025,1.026,63,0,4.1
46,1988-04-30,Bayfield,ON,CAN,CAN,75,210,L,,,,,27,Jeremy,Welsh,STL,STL,C/LW,2, , ,2,0,0,0,0,0,0,0,1,0.00%,0.00%,997,8.3,26,13,38.3,0,0,1,2,33.30%,,,3,1,,0,4,4,0,0,0,1,14.4,14.4,0,0,0,3.6,2,1,0,0,0,0,6,-1,,, ,,0,0,0,0,0,0,0,0,0,0,0,0,0,0%,0,0,0,0,0,2,0.1,0.1,0,0,0,0,0,0,0,0,0,0,0,0,0,0,0,0,0,0,0,0,0,0,6,0,,0.575,0.575,0.019,0,0,0
41,1994-09-22,Stockholm,,SWE,SWE,73,197,L,2013,1,14,,21,Alexander,Wennberg,CBJ,CBJ,C,68, , ,69,8,32,23,40,-1,97,41,32,8.20%,4.70%,65663,15.9,1443,20.9,45.5,199,10.9,400,522,43.40%,12,5,604,262,318,138,59,32,46,41,21,42,3.2,1.8,2.5,2.2,1.2,2.3,2,1,0,0,0,0,80,14,8,3,38%,1,2,0,1,0,2,0,0,1,2,0,3,1,1,100%,2.4,1.1,3.5,0.05,0.19,7,26.1,21.6,6.6,3.9,1.6,0.3,5.8,0.08,0.32,27.8,1,2,1,37,9,1,5,32,6,1,43,1,3,2,186,13,"Lower body, Concussion",0.925,0.925,1.4,222,0.475,4
26,1986-08-31,Plymouth,MN,USA,USA,77,225,R,2004,1,5,,29,Blake,Wheeler,WPG,WPG,RW,81, , ,82,26,52,37,78,8,256,107,96,10.20%,5.70%,97354,19.8,2101,25.6,46.3,345,12.8,10,18,35.70%,,,17,6,11,4,101,92,56,107,46,38,3.7,3.4,2.1,4,1.7,1.4,49,22,1,0,0,0,198,3.7,6,2,33%,0,3,2,5,3,6,2,1,4,1,1,11,0,0,0%,7.3,2.1,9.4,0.11,0.35,7,43.1,38.3,11.2,13,4.2,0.3,17.5,0.21,0.65,29.6,1,6,8,92,20,12,33,24,11,9,147,4,6,4,186,0,,5.8,5.6,5.6,0,0,6.8
25,1988-03-17,Brandon,MB,CAN,CAN,72,200,R,2006,3,66,,27,Ryan,White,PHI,PHI,C/RW,72, , ,73,11,5,2,16,-9,88,34,50,12.50%,6.40%,55030,12.6,1285,17.6,42.8,37,2.4,184,167,52.40%,1,1,267,125,84,59,105,208,51,34,21,14,6.9,13.6,3.3,2.2,1.4,0.9,101,23,3,3,0,1,363,-10.6,,, ,,0,0,0,3,1,0,3,4,0,0,2,0,0,0%,0.4,0.7,1.1,0.02,0.07,2,17.7,20.1,-7.3,-0.5,1.6,0,1.2,0.02,0.08,38.7,0,0,5,29,4,1,19,24,5,0,35,0,0,1,186,9,Upper body,0.8,0.8,0.8,88,0,0.7
45,1990-01-07,St. Louis,MO,USA,USA,70,180,R,2009,4,100,Y,26,Chris,Wideman,OTT,OTT,D,63, , ,64,6,7,4,13,4,87,22,68,6.90%,3.40%,53569,14,1225,19.1,43.7,31,2.1,0,0,0.00%,,,,0,,0,95,57,71,22,29,5,6.4,3.8,4.8,1.5,1.9,0.3,34,17,0,0,0,0,162,-8,1,0,0%,0,0,0,2,0,0,0,0,0,0,0,6,0,0,0%,1.1,1.6,2.7,0.04,0.18,1,17,16.9,4.8,1.9,1.7,-0.2,3.3,0.05,0.22,47.9,0,1,4,17,1,0,26,11,2,0,47,1,1,1,186,0,,0.6,0.6,0.6,0,0,3.2
6,1983-03-20,Kitchener,ON,CAN,CAN,72,202,R,2002,8,241,,32,Dennis,Wideman,CGY,CGY,D,51, , ,51,2,17,8,19,-9,75,39,72,2.70%,1.10%,63082,20.6,1363,26.7,46.3,74,4.2,0,0,0.00%,,,,0,,0,64,37,77,39,37,14,3.7,2.1,4.4,2.2,2.1,0.8,30,9,2,0,0,0,146,4.4,,, ,,1,0,0,0,0,0,0,1,0,0,1,0,0,0%,1,1.1,2.1,0.04,0.12,2,20.9,20.3,-4.6,1.9,1,0,2.8,0.05,0.16,49.7,0,2,8,29,1,0,39,5,0,0,30,0,1,1,186,12,Arm,5.25,5.25,5.25,768,0,-7.2
46,1990-09-12,Burnaby,BC,CAN,CAN,77,202,L,2008,2,42,,25,Patrick,Wiercioch,OTT,OTT,D,52, , ,52,0,5,2,5,2,56,26,54,0.00%,0.00%,54103,17.3,1119,21.5,48.3,20,1.3,0,0,0.00%,,,,0,,0,78,53,56,26,33,7,5.2,3.5,3.7,1.7,2.2,0.5,24,12,0,0,0,0,133,-2.2,,, ,,0,0,0,0,0,0,0,0,0,0,0,0,0,0%,-0.5,1.5,0.9,0.02,0.06,0,16.6,17.5,1.7,-2.1,1.3,0,-0.8,-0.02,-0.05,47.9,0,0,1,25,4,0,15,9,0,0,28,0,0,0,186,18,"Upper body, Undisclosed",2.7,2,2,439,0,-3.9
14,1981-10-04,Cobourg,ON,CAN,CAN,73,186,R,2000,1,28,,34,Justin,Williams,WSH,WSH,RW,82, , ,82,22,30,15,52,15,201,66,58,10.90%,6.80%,81932,16.7,1701,20.7,48.2,134,5.9,57,52,52.30%,,,85,41,24,16,130,32,43,66,48,37,5.7,1.4,1.9,2.9,2.1,1.6,36,18,0,0,0,0,111,-5.6,,, ,,8,1,3,1,1,0,3,2,7,0,9,0,0,0%,4.5,2.1,6.6,0.08,0.29,5,34.7,32.9,2.4,6.6,3.9,0,10.6,0.13,0.47,30.2,1,1,6,58,14,2,27,16,22,2,118,3,3,1,186,0,,3.25,3.25,3.25,0,0,4.9
33,1989-10-20,Greenwich,CT,USA,USA,73,221,L,2008,1,7,,26,Colin,Wilson,NSH,NSH,LW/C,63, , ,64,6,18,10,24,-1,108,40,36,5.60%,3.30%,55513,14.5,1258,19.7,44.1,139,9,14,21,40.00%,,,13,4,22,10,83,61,25,40,26,24,5.4,4,1.6,2.6,1.7,1.6,14,7,0,0,0,0,100,4.1,,, ,,1,0,0,1,0,0,0,1,0,0,5,0,0,0%,0.8,1,1.8,0.03,0.12,2,19,17.3,-0.9,1,1.8,0,2.8,0.04,0.18,21,0,4,7,29,16,3,5,14,6,3,61,1,1,1,186,17,Lower body,3.75,3.938,3.938,816,0,-4.4
28,1991-03-16,Barrie,ON,CAN,CAN,74,199,L,2009,4,107,Y,24,Garrett,Wilson,FLA,FLA,LW,29, , ,29,0,0,0,0,-3,28,10,8,0.00%,0.00%,16308,9.4,371,12.8,44,0,0,0,1,0.00%,,,1,0,,0,40,75,4,10,2,2,8.8,16.6,0.9,2.2,0.4,0.4,24,7,2,0,0,0,105,-2.5,,, ,,0,0,0,0,0,0,0,0,0,0,0,0,0,0%,-0.8,0.1,-0.6,-0.02,-0.13,1,3.4,3.3,-3.9,-1.5,0.1,0,-1.5,-0.05,-0.33,23.3,0,1,1,8,6,0,2,5,2,3,10,0,0,0,84,0,,0.675,0.675,0.305,0,0,-1.6
23,1992-04-24,Oakville,ON,CAN,CAN,71,183,L,2011,7,209,Y,23,Scott,Wilson,PIT,PIT,LW/C,24, , ,24,5,1,1,6,0,39,10,10,12.80%,8.50%,15387,10.7,352,14.7,43.7,24,5.6,0,0,0.00%,,,,0,,0,48,38,6,10,5,5,11.2,8.9,1.4,2.3,1.2,1.2,12,1,2,0,0,0,58,3.7,,, ,,0,0,1,0,0,0,0,2,1,0,2,0,0,0%,0.5,0.3,0.8,0.03,0.19,2,3.9,3.8,0,1.2,0.4,0,1.6,0.07,0.37,29.4,0,0,1,9,3,0,2,7,1,1,25,0,1,1,88,15,Lower body,0.667,0.655,0.292,167,0.258,1.5
43,1994-03-29,Toronto,ON,CAN,CAN,76,215,R,2012,1,16,,21,Tom,Wilson,WSH,WSH,RW,82, , ,82,7,16,13,23,3,99,40,50,7.10%,3.70%,63531,12.9,1450,17.7,43.8,134,7.6,8,6,57.10%,,,12,7,2,1,144,253,48,40,21,16,8.2,14.3,2.7,2.3,1.2,0.9,163,44,9,1,1,1,473,-9.7,,, ,,1,0,1,0,2,0,1,1,1,0,2,0,0,0%,0.4,1.2,1.7,0.02,0.1,2,20.6,24.2,-4.5,0.1,3.4,0,3.5,0.04,0.2,31.2,0,6,2,32,8,1,9,9,10,1,61,1,1,0,186,0,,0.833,0.894,1.294,0,0.6,1.9
57,1988-04-12,Evanston,IL,USA,USA,72,200,R,2008,6,177,,27,Tommy,Wingels,SJS,SJS,C/RW/LW,68, , ,68,7,11,7,18,-10,111,44,22,6.30%,4.00%,55630,13.6,1398,20.6,39.8,102,6.6,38,55,40.90%,,,67,28,26,10,103,203,54,44,30,21,6.7,13.1,3.5,2.8,1.9,1.4,63,19,5,0,0,0,325,11.3,,, ,,3,0,0,0,0,0,2,0,1,0,4,0,0,0%,0.2,0.7,0.9,0.01,0.06,4,16.1,18,-12.6,0.3,1.5,0,1.8,0.03,0.12,27.9,0,1,6,37,13,2,7,24,7,2,56,0,1,2,186,12,Shoulder,2.475,2.475,2.475,362,0,-2.3
26,1985-03-06,Toronto,ON,CAN,CAN,74,203,L,2004,9,265,,30,Daniel,Winnik,WSH,"TOR, WSH",LW/C,55,20, ,76,6,13,7,19,4,101,30,35,5.90%,3.60%,62544,13.7,1500,19.7,41.7,82,4.7,8,12,40.00%,,,11,3,9,5,121,53,46,30,9,35,7,3.1,2.6,1.7,0.5,2,38,14,0,1,0,0,137,-3.5,,, ,,1,0,0,0,1,0,0,1,1,0,3,0,0,0%,-0.1,1.4,1.3,0.02,0.07,4,15.8,20.5,6.3,0.5,3.8,0,4.3,0.06,0.25,33.2,1,1,1,27,12,0,6,12,7,1,63,0,2,0,186,4,"Undisclosed, Lower body",2.7,2.25,2.25,110,0,0.7
21,1984-02-21,Canton,MI,USA,USA,71,203,R,2002,5,156,,31,James,Wisniewski,CAR,CAR,D,1, , ,1,0,0,0,0,0,0,0,0,0.00%,0.00%,47,0.8,2,2,23.5,0,0,0,0,0.00%,,,,0,,0,0,1,0,0,0,0,0,76.6,0,0,0,0,0,0,0,0,0,0,1,0,,, ,,0,0,0,0,0,0,0,0,0,0,0,0,0,0%,0,0,0,0,0,4,0.1,0.1,0,0,0,0,0,0,0,0,0,0,0,0,0,0,0,0,0,0,0,0,0,0,186,81,Knee,5,5.5,5.5,5433,0,-10.5
53,1990-04-14,Holland,MI,USA,USA,74,200,R,2008,6,160,Y,25,Luke,Witkowski,TBL,TBL,D,4, , ,4,0,0,0,0,0,1,2,1,0.00%,0.00%,1711,7.1,40,10,42.8,0,0,0,0,0.00%,,,,0,,0,9,8,1,2,1,0,18.9,16.8,2.1,4.2,2.1,0,4,2,0,0,0,0,13,0.1,,, ,,0,0,0,0,0,0,0,0,0,0,0,0,0,0%,0,0.1,0,0,0,2,0.2,0.3,0,-0.1,0,0,0,0,0,56,0,0,0,2,0,0,0,0,0,0,1,0,0,0,10,0,,0.575,0.575,0.031,0,0,0
44,1995-09-13,Buffalo,NY,USA,USA,73,160,L,2013,4,100,Y,20,Miles,Wood,NJD,NJD,LW,1, , ,1,0,0,0,0,0,2,0,0,0.00%,0.00%,786,13.1,16,16,49.1,0,0,0,0,0.00%,,,,0,,0,0,1,0,0,0,0,0,4.6,0,0,0,0,0,0,0,0,0,0,1,1,,, ,,0,0,0,0,0,0,0,0,0,0,0,0,0,0%,0,0,0,0,0,3,0.1,0,0,0,0,0,0,0,0,34,0,0,0,0,0,0,0,2,0,0,0,0,0,0,0,0,,0,0,0,0,0,0
56,1992-06-11,Humboldt,SK,CAN,CAN,76,210,L,2012,5,129,Y,23,Brendan,Woods,CAR,CAR,LW/C,5, , ,5,0,0,0,0,0,5,0,0,0.00%,0.00%,2612,8.7,64,12.8,40.8,0,0,0,1,0.00%,,,,0,1,0,6,3,0,0,1,1,8.3,4.1,0,0,1.4,1.4,7,1,1,0,0,0,11,-0.1,,, ,,0,0,0,0,0,0,0,0,0,0,0,0,0,0%,-0.1,0.1,-0.1,-0.02,-0.14,1,0.3,0.2,0,-0.1,0,0,-0.1,-0.02,-0.14,42,0,0,0,0,0,0,1,2,0,0,2,0,0,0,9,0,,0.775,0.725,0.037,0,0,-0.1
26,1993-03-12,Burnaby,BC,CAN,CAN,74,207,L,2011,2,57,Y,22,Tyler,Wotherspoon,CGY,CGY,D,10, , ,11,0,1,0,1,0,9,6,15,0.00%,0.00%,9352,14.2,210,19.1,44.5,0,0,0,0,0.00%,,,,0,,0,8,14,16,6,6,1,3.1,5.4,6.2,2.3,2.3,0.4,0,0,0,0,0,0,30,0.6,,, ,,0,0,0,0,0,0,0,0,0,0,0,0,0,0%,-0.1,0.3,0.2,0.02,0.08,3,2.3,3.2,0.3,-0.2,0.4,0,0.1,0.01,0.04,45,0,1,1,4,0,0,4,0,0,0,5,0,0,0,22,0,,0.925,0.925,0.109,0,0,0
10,1993-10-06,Nizhnekamsk,,RUS,RUS,71,195,L,2012,1,1,,22,Nail,Yakupov,EDM,EDM,RW/LW,59, , ,60,8,15,6,23,-16,127,32,61,6.30%,3.60%,51198,14.2,1158,19.3,44.2,58,4.1,0,1,0.00%,,,1,0,,0,34,54,21,32,41,27,2.4,3.8,1.5,2.3,2.9,1.9,24,12,0,0,0,0,99,0.3,,, ,,3,0,1,0,0,0,1,3,0,0,4,0,0,0%,1.1,0.4,1.5,0.03,0.11,4,19.6,16.4,-8.3,0.7,0.1,0,0.8,0.01,0.06,29,0,4,1,27,13,1,18,29,1,4,61,0,2,2,186,22,Ankle,2.5,2.5,2.5,671,0,-3.3
93,1986-09-09,Boston,MA,USA,USA,73,196,L,2005,4,105,,29,Keith,Yandle,NYR,NYR,D,81, , ,82,5,42,24,47,-4,160,81,122,3.10%,1.40%,98213,20,2153,26.3,45.6,215,7.9,0,0,0.00%,,,,0,,0,53,43,68,82,76,27,1.9,1.6,2.5,3,2.8,1,40,20,0,0,0,0,151,0.4,,, ,,0,0,1,0,0,2,1,1,0,0,1,0,1,100%,3.9,2.4,6.3,0.08,0.23,4,39.2,28,-8.7,8.5,0.6,0,9.1,0.11,0.33,50.4,0,2,7,72,1,2,68,25,3,0,61,0,0,3,372,0,,5.75,5.25,5.25,0,0,0.3
37,1997-04-06,Brno,,CZE,CZE,75,210,L,2015,1,6,Y,18,Pavel,Zacha,NJD,NJD,C,1, , ,1,0,2,1,2,4,3,1,0,0.00%,0.00%,1011,16.9,21,21,48.1,3,10.7,3,6,33.30%,1,1,1,0,8,3,0,1,0,1,0,2,0,3.6,0,3.6,0,7.1,0,0,0,0,0,0,1,0,,, ,,0,0,0,0,0,0,0,0,0,0,0,0,0,0%,0.2,0.2,0.4,0.4,1.42,2,1.1,1.1,4.3,0.2,0.5,0,0.8,0.8,2.85,20,0,0,0,1,2,0,0,1,0,0,0,0,0,0,2,0,,0.925,0.925,0.01,0,0,0.8
16,1995-04-16,Moscow,,RUS,RUS,77,220,L,2013,1,16,,20,Nikita,Zadorov,COL,COL,D,22, , ,22,0,2,2,2,-5,18,10,15,0.00%,0.00%,22351,16.9,469,21.3,47.7,33,5.3,0,0,0.00%,,,,0,,0,19,53,16,10,10,6,3.1,8.5,2.6,1.6,1.6,1,12,6,0,0,0,0,81,-0.4,,, ,,0,0,0,0,0,0,0,0,0,0,0,0,0,0%,-0.2,0.4,0.1,0,0.02,2,5.3,7,-4.1,-0.6,0,0,-0.5,-0.02,-0.08,60.9,0,0,2,8,1,0,6,0,0,0,11,0,0,0,55,1,Concussion,0.925,0.894,0.516,21,0.85,-1.3
19,1985-05-13,Winnipeg,MB,CAN,CAN,74,185,R,2004,1,20,,30,Travis,Zajac,NJD,NJD,C,73, , ,74,14,28,14,42,3,111,39,36,12.60%,7.50%,88144,19.9,1883,25.4,46.8,131,5.4,715,672,51.60%,38,17,934,491,453,224,71,65,41,39,5,49,2.9,2.7,1.7,1.6,0.2,2,25,10,1,0,0,0,132,-2.4,,, ,,4,0,2,1,3,0,0,2,1,0,8,0,0,0%,2.3,2.3,4.7,0.06,0.19,5,33,31.8,12.6,2.7,5.1,0,7.8,0.11,0.32,27,0,2,3,34,17,1,7,39,8,0,39,2,1,6,186,8,"Upper body, Lower body",6.5,5.75,5.75,561,0,-3.3
40,1992-08-18,New Hartford,NY,USA,USA,74,205,L,,,,Y,23,Michael,Zalewski,VAN,VAN,LW,3, , ,3,0,1,1,1,1,2,1,0,0.00%,0.00%,2134,11.9,49,16.3,43.6,13,21.9,6,4,60.00%,,,9,6,1,0,5,7,0,1,1,0,8.4,11.8,0,1.7,1.7,0,2,1,0,0,0,0,9,-0.1,,, ,,0,0,0,0,0,0,0,0,0,0,0,0,0,0%,0,0.1,0.1,0.03,0.17,1,0.4,0.4,1.1,0.2,0.1,0,0.3,0.1,0.51,14.5,0,0,0,1,0,0,0,0,0,0,2,0,0,0,7,0,,0.575,0.575,0.022,0,0,0.3
40,1980-10-09,Njurunda,,SWE,SWE,72,195,L,1999,7,210,,35,Henrik,Zetterberg,DET,DET,LW/C,81, , ,82,13,37,21,50,-15,214,82,98,6.10%,3.30%,95499,19.4,1974,24.1,48.4,221,8.3,539,536,50.10%,25,17,720,364,355,175,91,54,26,82,46,29,3.4,2,1,3.1,1.7,1.1,24,12,0,0,0,0,104,1.2,1,0,0%,0,2,0,3,0,3,0,0,2,2,0,6,0,0,0%,2.7,1.2,3.9,0.05,0.15,4,37.8,28.6,-9.9,3.3,0.8,-0.2,3.9,0.05,0.15,28.6,1,5,6,70,33,7,21,35,6,4,108,2,3,1,186,0,,7.5,6.083,6.083,0,0,-7.9
93,1993-04-18,Huddinge,,SWE,SWE,74,222,R,2011,1,6,,22,Mika,Zibanejad,OTT,OTT,C,80, , ,81,21,30,16,51,-2,184,81,66,11.40%,6.30%,86315,17.8,1912,23.6,45.1,137,5.7,659,647,50.50%,20,12,865,438,441,221,91,111,43,81,52,39,3.8,4.6,1.8,3.4,2.2,1.6,18,8,0,0,0,0,172,8.3,9,4,44%,2,4,0,7,1,3,1,1,2,3,0,11,0,0,0%,4.4,1.1,5.5,0.07,0.23,7,33.5,31.4,-2.7,7.6,1.7,0.7,10,0.12,0.42,31.5,0,8,3,70,16,4,38,23,7,2,94,4,5,1,186,1,Upper body,2,2.625,2.625,32,0,5.6
28,1977-02-03,Most,,CZE,CZE,71,190,R,2001,6,176,,39,Marek,Zidlicky,NYI,NYI,D,52, , ,53,4,12,6,16,5,48,17,28,8.30%,4.30%,49555,15.6,1043,19.7,47.5,62,4.5,0,0,0.00%,,,,0,,0,72,39,68,17,21,5,5.2,2.8,4.9,1.2,1.5,0.4,20,10,0,0,0,0,127,-4.2,,, ,,1,0,1,0,1,0,3,0,0,0,0,0,0,0%,1.2,2.2,3.4,0.06,0.25,2,18.1,14.1,5.4,2.2,1.3,0,3.5,0.07,0.25,48.4,1,0,1,15,3,0,24,5,1,1,14,1,0,0,186,13,Upper body,1.5,1.5,2.84,450,1.34,-1.4
41,1987-09-01,Toronto,ON,CAN,CAN,71,180,L,,,,,28,Harry,Zolnierczyk,ANA,ANA,C/LW,1, , ,1,0,0,0,0,-1,1,0,0,0.00%,0.00%,528,8.8,14,14,37.7,0,0,0,0,0.00%,,,,0,,0,1,3,0,0,0,0,6.8,20.5,0,0,0,0,0,0,0,0,0,0,3,0,,, ,,0,0,0,0,0,0,0,0,0,0,0,0,0,0%,0,0,-0.1,-0.1,-0.68,1,0.3,0.3,-1,-0.1,-0.1,0,-0.2,-0.2,-1.36,8,0,0,0,0,0,0,0,0,1,0,0,0,0,0,28,0,,0.6,0.6,0.09,0,0,-0.2
9,1978-06-16,Elektrenai,,LTU,LTU,77,225,L,1996,1,15,,37,Dainius,Zubrus,SJS,SJS,C/LW,50, , ,50,3,4,1,7,4,33,16,17,9.10%,4.50%,34769,11.6,873,17.5,39.8,0,0,15,12,55.60%,,,17,11,10,4,44,68,15,16,15,15,4.6,7,1.6,1.7,1.6,1.6,20,10,0,0,0,0,103,-6.3,,, ,,1,0,0,0,1,0,0,0,2,0,0,0,0,0%,-0.5,0.9,0.4,0.01,0.04,2,10.2,10.1,2.7,-1.6,1.7,0,0.1,0,0.01,26.6,0,0,0,16,5,1,4,2,5,0,16,0,0,0,324,7,"Undisclosed, Upper body",3.7,3.7,3.545,51,0,-5.4
36,1987-09-01,Oslo,,NOR,NOR,67,179,L,,,,,28,Mats,Zuccarello,NYR,NYR,RW/LW,80, , ,81,26,35,27,61,2,166,72,83,15.70%,8.10%,89796,18.5,1901,23.5,47.2,217,8.7,5,6,45.50%,,,3,2,8,3,73,88,69,72,43,59,2.9,3.5,2.8,2.9,1.7,2.4,34,16,0,0,0,0,191,7.1,5,3,60%,2,7,1,4,1,3,1,2,7,1,0,12,0,0,0%,5.8,1.4,7.2,0.09,0.29,7,38.6,29.6,-3,9.2,1.8,0.9,11.9,0.15,0.48,31.5,0,9,4,59,8,1,16,34,7,0,100,6,6,5,186,1,Lower body,4.5,4.5,4.5,55,0,3.5
16,1992-01-16,Newport Beach,CA,USA,USA,71,185,L,2010,2,59,,24,Jason,Zucker,MIN,MIN,LW/RW,71, , ,71,13,10,7,23,-4,158,76,46,8.20%,4.60%,66367,15.6,1410,19.9,47.1,82,4.4,1,0,100.00%,,,1,1,,0,95,83,33,76,27,40,5.2,4.5,1.8,4.1,1.5,2.2,20,10,0,0,0,0,136,10.4,,, ,,2,1,1,0,1,1,0,2,1,0,8,0,1,100%,1,1.1,2.1,0.03,0.11,4,21.1,21.5,-5.5,0.9,2.4,0,3.3,0.05,0.18,27.2,1,3,6,66,25,3,11,23,5,2,89,2,1,4,186,6,Concussion,0.95,0.9,0.9,66,0,2.6
